A graph representing a maze
0: 807,2 
1: 145,5 
2: 
3: 992,3 193,3 
5: 903,0 
6: 
7: 321,9 929,8 
10: 304,7 255,2 842,6 648,0 754,4 
11: 
12: 
13: 122,3 847,9 960,1 796,5 926,2 
15: 260,5 741,7 
16: 476,7 54,7 992,8 154,0 
18: 
19: 721,7 
21: 
22: 332,0 
23: 543,1 907,5 
24: 458,0 
25: 
26: 
27: 390,6 
28: 
29: 
30: 330,4 961,2 
31: 
32: 
33: 476,0 
34: 106,4 
35: 
36: 580,7 
37: 
38: 879,1 
39: 270,0 
42: 198,5 814,1 
43: 
44: 
45: 
47: 112,2 61,7 
48: 136,8 284,9 368,0 6,9 715,2 
50: 462,6 914,7 580,4 513,0 692,1 298,4 66,8 
51: 370,9 829,3 
52: 829,1 569,3 743,9 
53: 50,8 
54: 315,0 382,6 
56: 
57: 
58: 29,7 848,4 
59: 
60: 
61: 
63: 777,2 
64: 506,8 888,7 167,3 
66: 
68: 748,9 948,5 978,5 
69: 463,7 
70: 
71: 
72: 
73: 
74: 
75: 576,3 307,8 380,7 629,5 
76: 260,0 804,7 
77: 332,8 
78: 495,1 
79: 
80: 
81: 431,7 374,7 
84: 
85: 222,9 
86: 
88: 524,4 
90: 579,7 
92: 523,0 
93: 806,5 
94: 628,0 894,4 774,5 523,1 816,6 545,2 
95: 
96: 
97: 
98: 42,7 
101: 439,9 
103: 478,3 
105: 277,0 
106: 486,2 
107: 88,5 689,1 809,2 677,6 131,6 287,5 645,4 
108: 45,7 
109: 56,4 173,0 684,6 212,4 498,3 
110: 3,8 
111: 469,0 
112: 323,8 732,4 687,7 951,8 
113: 915,1 
114: 724,1 
115: 
116: 
118: 
119: 34,6 
120: 
121: 379,4 
122: 
123: 
124: 
125: 679,7 355,7 432,2 
126: 
128: 
129: 822,6 899,2 
130: 
131: 440,4 
132: 
133: 758,7 
134: 659,8 
135: 705,3 
136: 444,9 518,0 266,6 97,3 804,0 
138: 
140: 
141: 588,6 
142: 12,6 306,1 
143: 496,0 230,2 786,3 
144: 740,1 
145: 
146: 
147: 409,9 50,8 595,9 
148: 
149: 888,5 
150: 511,5 
151: 
153: 956,3 590,0 
154: 357,4 767,5 955,5 
155: 588,5 394,6 
157: 44,8 
158: 258,0 
159: 343,6 517,3 
160: 
161: 
162: 
164: 
166: 491,2 105,2 647,3 894,5 862,6 148,5 507,9 
167: 
168: 
170: 341,5 
171: 
172: 510,2 
173: 
174: 442,0 
176: 
177: 708,2 
178: 752,4 910,7 945,7 307,4 
180: 
181: 586,1 
182: 986,8 733,6 663,9 
183: 
184: 359,5 439,1 
185: 
186: 308,1 
187: 
188: 683,5 
189: 266,0 250,9 517,2 
190: 38,7 432,8 431,5 
191: 660,9 
192: 250,7 285,3 
193: 282,8 
194: 
195: 
196: 189,0 634,8 107,8 150,7 
198: 375,5 
199: 
200: 494,8 212,8 447,2 
201: 
202: 
203: 
205: 23,8 669,1 955,4 768,4 44,8 
206: 997,2 685,8 
207: 
208: 
209: 
210: 487,1 708,4 368,7 
212: 
213: 198,9 432,3 
215: 469,6 
216: 125,8 693,6 11,3 
217: 643,8 
219: 394,4 
220: 584,6 
221: 639,4 
222: 231,0 463,5 
223: 
224: 540,0 
226: 
227: 
228: 98,3 
229: 778,5 
230: 
231: 
233: 196,1 609,7 150,9 
234: 893,7 786,9 
237: 
238: 725,0 217,5 30,2 
239: 47,9 
240: 
241: 752,6 365,4 506,9 
242: 207,8 366,5 946,4 271,4 328,7 572,4 54,9 559,4 430,3 
243: 
244: 326,4 154,2 970,2 
246: 72,5 161,1 538,5 
248: 892,6 118,2 59,1 
249: 889,9 
250: 
251: 695,7 
253: 
255: 
257: 
258: 
259: 564,5 844,0 
260: 
261: 540,9 
262: 146,4 
264: 
265: 840,9 
266: 
268: 
269: 989,7 
270: 
271: 523,8 562,9 631,7 551,5 
272: 
273: 933,8 969,7 
274: 
275: 756,4 
277: 
278: 222,4 335,1 773,1 
279: 528,8 910,4 
280: 794,8 509,8 
281: 514,4 
282: 828,7 
284: 927,4 289,5 725,3 
285: 
286: 898,2 
287: 
288: 817,8 313,9 447,4 
289: 755,1 869,1 6,1 479,4 429,0 
290: 
291: 601,3 
292: 
293: 407,0 
294: 677,2 400,8 840,1 
295: 785,1 
296: 
298: 685,8 53,9 389,7 436,2 
299: 
300: 
302: 213,1 160,6 902,1 
303: 
304: 
305: 946,6 
306: 126,7 
307: 274,6 
308: 509,8 
309: 125,2 498,2 560,1 400,5 
310: 586,2 
311: 896,3 
312: 
313: 
314: 731,9 304,9 10,8 
315: 669,3 621,1 
317: 
318: 529,5 745,3 
319: 540,0 
320: 824,4 
321: 255,3 
322: 12,8 
323: 589,4 
325: 
326: 707,2 642,6 
328: 
330: 954,1 130,6 
331: 971,3 
332: 
333: 938,0 997,4 
334: 529,0 
335: 
336: 44,2 238,5 
338: 
339: 70,2 
341: 
342: 636,1 
343: 
345: 123,2 294,8 873,9 
346: 534,2 
347: 547,3 
348: 654,9 
349: 
350: 315,2 
351: 
352: 786,2 561,1 613,2 86,9 792,8 847,3 619,1 131,6 
354: 719,9 120,4 309,2 
355: 968,4 587,1 26,6 296,0 695,3 
356: 335,9 
357: 
358: 299,2 
359: 
360: 765,0 839,8 
361: 154,0 126,7 280,2 
362: 
363: 
364: 
365: 
366: 
368: 1,6 350,4 
369: 43,0 
370: 621,4 
371: 525,7 398,0 244,0 
372: 943,5 772,9 645,9 
374: 
375: 
376: 21,0 673,3 462,1 
377: 85,8 983,3 
378: 
379: 864,4 159,9 
380: 
382: 
384: 80,7 52,5 
386: 656,7 
387: 457,1 474,6 
389: 
390: 227,5 198,5 
391: 953,8 549,1 116,2 
393: 870,5 708,9 
394: 
395: 
396: 
397: 
398: 
400: 343,5 764,0 2,2 809,3 
401: 916,8 
402: 857,8 
403: 208,2 757,1 763,5 652,6 
404: 
406: 584,5 665,8 376,9 124,6 793,3 
407: 
408: 748,4 796,5 
409: 613,0 
411: 
412: 824,3 
413: 758,2 
414: 339,3 203,9 758,0 
415: 913,0 
416: 418,6 
417: 418,8 228,3 338,7 135,2 572,5 
418: 
419: 201,6 
420: 
421: 
422: 279,2 
423: 850,5 835,0 882,5 
424: 640,1 
426: 275,1 
427: 294,5 
428: 595,7 
429: 
430: 
431: 559,0 634,6 479,0 
432: 
434: 
435: 347,1 350,1 931,6 140,1 754,4 
436: 
438: 351,4 
439: 512,0 770,4 630,9 
440: 
442: 194,4 
443: 
444: 466,8 
446: 
447: 851,4 
448: 277,2 614,4 
450: 839,5 364,0 
451: 
452: 330,3 
453: 
455: 277,7 128,1 851,7 575,2 309,4 94,5 
456: 406,6 
457: 115,4 51,0 
458: 
459: 374,6 
460: 
462: 
463: 
464: 608,0 966,6 841,5 629,1 
466: 
467: 
468: 15,5 
469: 74,2 
470: 581,4 509,6 
471: 632,6 221,0 240,8 
472: 57,5 
473: 287,2 
474: 
475: 
476: 
477: 226,6 645,2 
478: 488,9 896,1 709,1 264,3 
479: 
481: 660,8 434,4 
482: 
485: 615,7 999,2 752,9 414,1 890,0 352,9 512,8 
486: 
487: 
488: 482,5 985,6 976,7 
489: 138,7 
491: 345,8 
492: 
493: 
494: 801,4 
495: 
496: 
497: 
498: 
500: 431,4 763,8 
501: 
502: 430,5 
506: 
507: 
508: 644,4 
509: 928,5 
510: 720,8 
511: 
512: 
513: 24,1 
514: 369,7 
515: 37,5 
517: 
518: 984,9 595,1 299,6 277,8 628,3 
522: 886,4 
523: 
524: 219,2 
525: 
527: 493,2 980,3 312,6 688,5 
528: 
529: 
530: 164,0 858,4 610,3 
531: 705,2 365,0 
532: 
533: 515,3 741,7 366,7 
534: 
535: 807,7 270,4 243,6 
536: 464,5 
537: 
538: 460,7 
539: 798,4 
540: 732,3 
541: 888,4 202,1 479,4 
542: 537,2 
543: 599,9 
544: 
545: 
546: 
547: 718,0 816,8 84,3 
549: 
550: 827,1 909,0 
551: 162,3 
552: 
553: 523,1 312,3 769,6 673,0 18,9 
554: 96,0 
556: 481,5 
558: 687,9 
559: 
560: 
561: 
562: 
564: 450,4 
566: 
567: 797,9 
569: 517,6 308,2 789,7 
570: 961,7 
571: 
572: 
574: 
575: 824,3 467,5 
576: 
579: 952,4 292,2 775,6 
580: 
581: 
582: 701,7 0,2 143,8 
584: 419,6 60,6 
586: 167,3 
587: 148,2 942,4 475,9 
588: 758,6 
589: 73,3 759,7 
590: 24,8 543,1 632,1 
591: 255,9 940,9 440,6 498,2 
592: 662,3 966,5 18,0 130,2 
593: 
595: 793,4 
596: 
597: 776,4 
599: 885,8 
600: 424,4 
601: 
602: 771,2 
605: 916,9 38,2 
606: 956,2 
608: 
609: 
610: 
611: 935,4 
613: 
614: 641,4 
615: 
616: 403,0 
617: 800,7 
618: 453,5 978,0 795,2 
619: 
620: 731,8 902,5 
621: 859,1 
622: 426,5 300,1 349,7 190,9 95,5 879,0 
623: 534,4 
625: 
626: 
627: 971,9 625,6 35,7 
628: 26,9 
629: 
630: 472,7 
631: 
632: 
633: 890,8 777,5 
634: 566,0 
636: 
638: 
639: 
640: 552,5 902,7 770,4 922,0 728,5 
641: 
642: 760,7 308,2 455,4 180,0 826,6 
643: 
644: 126,3 
645: 471,7 
646: 472,3 
647: 492,0 198,0 
648: 122,6 932,8 224,8 535,4 617,4 411,3 
649: 784,1 
651: 960,7 
652: 404,4 527,2 517,7 
653: 980,9 859,1 679,6 463,8 576,3 974,7 741,9 101,9 380,2 707,3 
654: 
655: 506,9 187,8 
656: 
657: 51,2 
658: 
659: 266,8 
660: 
661: 868,2 
662: 784,4 
663: 73,3 
664: 198,2 
665: 
666: 185,7 
667: 589,2 370,9 
669: 
670: 845,4 
673: 718,3 292,9 
676: 494,0 679,8 
677: 61,5 120,3 
678: 524,1 773,2 290,0 966,6 556,7 357,0 968,1 
679: 
682: 15,3 
683: 
684: 
685: 
687: 
688: 807,1 
689: 717,8 
692: 
693: 892,4 757,8 
694: 760,6 539,1 
695: 215,4 
697: 3,1 
698: 468,2 844,7 986,4 593,2 
701: 
702: 58,1 
703: 389,9 363,7 
705: 
707: 209,0 566,9 968,5 
708: 
709: 345,3 
710: 415,5 
711: 105,6 786,4 
712: 345,1 
713: 514,3 
714: 863,2 
715: 
716: 
717: 666,1 
718: 253,3 
719: 730,7 
720: 
721: 
723: 719,8 199,3 420,5 286,8 
724: 
725: 
728: 
729: 765,7 
730: 34,8 363,3 
731: 626,7 
732: 
733: 522,1 
734: 971,4 
735: 770,8 6,9 751,4 
737: 
738: 
739: 123,7 
740: 
741: 164,4 
743: 502,1 
744: 
745: 108,5 
746: 2,0 849,9 273,7 
747: 
748: 544,8 6,1 709,4 
749: 737,7 
750: 863,9 862,8 237,2 
751: 57,0 406,3 467,8 272,2 48,1 264,6 605,8 61,2 31,8 281,4 
752: 
754: 
755: 
756: 940,9 407,5 770,2 907,1 342,0 
757: 781,4 676,5 
758: 
759: 79,0 852,2 
760: 172,8 636,3 913,7 108,9 395,8 31,6 695,4 942,1 
763: 
764: 
765: 348,9 501,9 
766: 723,0 
767: 
768: 
769: 
770: 
771: 244,4 
772: 658,3 328,0 
773: 904,4 
774: 143,3 
775: 32,8 303,5 
776: 977,1 716,5 
777: 447,5 317,7 882,5 
778: 
779: 717,7 320,1 
781: 56,8 
782: 517,5 916,8 51,3 759,2 712,2 
783: 984,7 
784: 
785: 907,6 
786: 
787: 323,7 628,0 346,6 
789: 937,5 
790: 18,3 0,7 
792: 
793: 
794: 
795: 995,6 
796: 602,6 540,3 
797: 757,3 313,3 312,4 682,9 755,3 
798: 
799: 396,9 391,7 
800: 
801: 223,3 
802: 887,6 620,7 
804: 
805: 
806: 
807: 
808: 987,5 
809: 524,6 920,7 663,6 
810: 685,5 
812: 973,3 64,0 946,2 
814: 
815: 895,4 
816: 
817: 
818: 406,3 614,0 
819: 916,2 
820: 
822: 
824: 
825: 977,5 
826: 148,7 176,2 
827: 714,5 534,1 
828: 1,5 25,9 620,3 
829: 618,4 313,9 12,2 641,7 
830: 71,8 
832: 
833: 532,0 896,9 787,3 
835: 760,0 59,8 5,8 
837: 833,6 
839: 688,1 126,7 918,1 
840: 
841: 
842: 
844: 656,8 596,8 191,0 863,9 
845: 
847: 
848: 934,1 574,8 365,8 
849: 
850: 356,7 818,2 
851: 126,2 325,5 134,3 54,4 
852: 273,4 200,2 908,4 
853: 
854: 478,0 770,2 
855: 606,9 740,2 
856: 567,5 
857: 627,1 983,7 
858: 
859: 275,2 
860: 890,1 397,3 
861: 976,4 551,0 534,9 571,8 364,4 584,1 738,6 698,6 
862: 79,3 
863: 123,4 479,3 
864: 195,4 
865: 938,2 35,2 
868: 
869: 
870: 862,5 
871: 110,2 744,5 78,4 769,5 
872: 
873: 
879: 820,1 889,4 783,9 183,7 
880: 683,8 
882: 947,1 
884: 648,7 
885: 
886: 
887: 228,4 
888: 849,0 308,8 
889: 
890: 35,6 
891: 
892: 591,4 151,8 538,7 2,7 
893: 216,6 
894: 907,1 132,2 
895: 779,6 
896: 
898: 230,6 515,1 981,8 
899: 522,1 
901: 2,0 154,5 546,2 889,8 200,1 638,9 
902: 
903: 
904: 56,8 429,7 161,4 
907: 724,9 
908: 
909: 487,5 513,0 
910: 
912: 357,8 190,6 
913: 895,9 
914: 
915: 171,5 514,7 495,0 
916: 960,8 366,3 853,0 
917: 446,5 
918: 
919: 398,9 
920: 
921: 289,8 
922: 
924: 168,9 
925: 991,1 92,4 
926: 
927: 378,4 
928: 
929: 497,3 747,1 582,3 
930: 955,3 770,5 
931: 946,0 
932: 422,9 
933: 166,2 
934: 161,1 
935: 891,1 
937: 719,6 
938: 741,6 
939: 185,8 
940: 130,8 
941: 402,6 
942: 
943: 
945: 513,9 622,6 
946: 
947: 
948: 989,2 
949: 470,9 
951: 702,2 
952: 
953: 
954: 605,0 
955: 258,1 810,5 432,3 268,7 945,3 
956: 832,3 487,2 
957: 131,3 
958: 270,6 
959: 78,2 
960: 935,6 230,6 
961: 
965: 28,3 
966: 
968: 
969: 
970: 326,6 358,2 731,6 
971: 362,8 
972: 907,8 
973: 48,5 243,8 729,5 
974: 913,4 
976: 904,4 451,2 358,0 413,2 0,4 
977: 868,2 
978: 887,4 957,7 
980: 
981: 
982: 872,1 
983: 824,2 
984: 
985: 
986: 
987: 559,6 731,3 
989: 805,0 
991: 257,5 443,0 221,8 
992: 856,3 81,2 422,2 
995: 554,6 
996: 421,0 
997: 109,0 375,7 664,3 318,7 
998: 536,9 
999: 

A shortest path in the maze
No path exists
real 0.15
user 0.46
sys 0.01
