A graph representing a maze
0: 741,7 491,1 542,6 33,4 260,5 790,1 330,4 475,1 949,4 373,5 418,2 843,1 458,0 888,5 933,2 580,7 193,3 501,5 268,2 326,0 614,9 708,8 320,4 476,0 279,7 718,7 70,0 315,5 296,3 150,3 470,9 736,6 306,2 365,8 496,2 339,1 838,6 112,4 696,5 961,2 69,3 390,6 992,3 715,2 439,6 807,2 
1: 560,1 769,7 27,9 
2: 112,2 200,8 821,6 61,7 107,4 654,8 710,4 234,6 322,5 562,2 925,8 
3: 908,8 994,3 
4: 848,4 569,3 429,8 223,7 782,7 333,8 176,8 921,3 172,3 829,1 513,2 580,4 29,7 145,0 555,9 743,9 506,8 316,4 873,8 990,3 167,3 478,3 563,1 841,8 122,0 342,1 137,5 266,9 888,7 8,2 939,6 
5: 945,7 847,9 705,0 501,6 
6: 625,0 376,4 955,5 495,1 431,7 374,7 158,8 175,7 324,4 
7: 899,4 222,9 524,4 
8: 446,4 500,6 941,9 459,6 92,0 523,0 315,0 691,2 
9: 246,8 
10: 523,1 
11: 42,7 558,4 
12: 518,8 116,6 218,2 277,0 612,5 260,5 565,5 45,7 206,1 719,3 4,7 511,3 285,8 962,8 765,7 20,8 843,6 
13: 173,0 732,4 725,5 601,3 957,0 831,6 323,8 570,7 684,6 687,7 257,0 951,8 56,4 
14: 
15: 272,6 895,2 994,4 238,8 705,3 822,6 827,4 967,6 845,9 202,0 68,2 287,9 77,2 998,5 137,7 806,1 899,2 286,0 594,5 
16: 804,0 518,0 266,6 398,7 
17: 7,8 186,0 441,3 336,8 786,3 230,2 496,0 
18: 409,9 152,9 127,5 725,2 956,3 48,7 389,2 310,7 595,9 50,8 511,5 93,0 590,0 740,1 
19: 714,4 44,8 80,1 138,8 181,1 163,9 103,8 563,9 36,4 
20: 556,5 622,9 726,8 259,1 
21: 909,7 
22: 491,2 148,5 360,7 
23: 104,0 286,2 639,8 434,7 393,3 341,5 534,2 637,9 277,1 672,4 566,1 
24: 671,0 26,6 308,1 936,4 607,9 968,7 50,2 41,9 329,9 
25: 27,7 90,1 102,0 431,5 150,7 413,5 23,8 634,8 107,8 312,2 110,8 492,3 44,8 432,8 763,2 429,9 425,7 527,3 669,1 711,3 365,4 884,7 768,4 218,4 282,8 189,0 331,5 955,4 751,8 38,7 951,1 
26: 318,7 845,1 469,6 997,2 786,0 752,2 644,8 415,5 424,1 765,2 698,3 518,7 905,1 876,6 540,0 621,8 6,3 796,4 41,3 720,8 567,6 244,4 459,3 639,4 741,2 464,0 107,8 
27: 367,0 359,6 717,0 
28: 493,8 
29: 314,6 
30: 709,0 717,7 250,0 520,5 
31: 
32: 47,9 
33: 
34: 549,2 89,1 722,4 840,9 506,9 752,6 979,6 938,9 970,2 774,2 387,4 803,9 564,5 365,4 327,8 592,7 255,6 154,2 329,0 761,8 844,0 849,8 535,7 449,9 35,7 538,6 140,6 707,0 326,4 605,5 100,2 439,1 146,4 492,9 695,8 939,7 
35: 658,9 989,7 
36: 454,6 532,3 623,2 969,7 636,1 414,1 933,8 
37: 436,5 812,3 188,0 509,8 734,2 787,1 236,6 824,2 850,9 794,8 
38: 477,0 289,5 514,4 725,3 661,8 927,4 301,8 
39: 443,9 614,9 810,9 313,9 447,4 732,6 817,8 879,5 
40: 755,1 
41: 703,7 659,4 407,0 411,1 
42: 36,5 400,8 840,1 367,5 
43: 274,6 573,7 720,9 464,1 882,8 601,6 845,3 487,7 576,8 53,9 685,8 605,2 436,2 5,0 389,7 
44: 42,0 
45: 70,3 124,6 125,2 560,1 
46: 135,9 883,6 802,0 291,4 12,4 18,7 655,3 191,6 292,6 971,3 540,0 13,8 300,4 677,4 921,2 551,3 716,0 433,8 713,4 411,1 589,7 899,4 463,5 634,9 798,8 
47: 477,3 822,8 120,4 750,5 240,0 19,8 697,2 
48: 873,9 294,8 123,2 460,2 472,0 636,1 345,4 
49: 968,8 332,5 621,4 124,7 430,4 824,3 847,3 619,1 960,6 280,2 618,4 680,6 561,1 535,1 179,8 786,2 726,5 695,3 613,2 86,9 26,6 248,0 126,7 154,0 582,5 665,4 970,3 131,6 969,4 519,3 789,3 587,1 97,9 189,1 581,3 792,8 299,2 296,0 
50: 244,0 398,0 525,7 
51: 943,5 306,3 645,9 772,9 312,2 998,7 
52: 156,0 801,5 864,4 159,9 21,0 413,3 92,2 
53: 945,2 656,7 88,9 648,2 963,9 610,2 863,1 696,1 809,4 352,6 916,8 717,0 41,7 722,3 147,0 222,7 731,6 197,7 171,6 283,7 655,2 62,6 530,8 749,8 218,7 720,5 615,6 666,2 557,6 
54: 411,3 922,4 902,6 796,5 117,3 495,0 674,1 316,5 631,4 748,4 547,4 
55: 771,4 242,5 139,2 887,0 709,8 140,8 593,7 670,9 968,1 813,4 913,0 473,1 645,2 
56: 376,3 854,7 321,2 134,5 341,0 209,5 279,2 814,2 366,2 201,6 
57: 891,2 
58: 29,4 827,9 394,0 
59: 559,0 
60: 258,4 872,2 351,4 140,1 754,4 931,6 347,1 350,1 
61: 277,2 54,1 350,5 893,7 194,4 574,7 614,4 862,7 648,1 512,0 435,9 74,5 620,3 748,0 770,4 630,9 
62: 744,6 890,9 94,5 128,1 364,1 851,7 309,4 464,3 277,7 575,2 
63: 184,9 645,2 422,6 221,0 430,3 62,2 324,4 666,0 374,6 632,6 905,4 240,8 835,8 855,5 226,6 551,9 688,0 15,5 336,6 414,7 91,0 652,6 
64: 660,8 207,5 497,8 644,4 290,0 33,4 387,2 993,8 14,1 347,1 721,0 674,9 695,5 709,1 903,3 234,5 434,4 487,5 896,1 582,8 444,6 142,2 568,3 720,9 488,9 138,2 997,0 332,2 430,5 807,5 264,3 476,9 423,2 
65: 299,6 928,5 362,2 277,8 623,0 805,6 607,9 709,4 964,9 595,1 784,9 957,0 37,5 984,9 628,3 
66: 191,0 103,9 493,5 156,5 175,0 882,0 
67: 295,9 725,4 611,8 804,0 
68: 604,5 
69: 914,0 314,7 57,7 924,0 883,5 705,2 255,5 441,3 37,1 651,7 273,6 393,9 
70: 920,7 888,4 202,1 263,6 571,6 653,9 479,4 
71: 681,4 
72: 
73: 491,1 718,0 523,1 791,6 124,6 4,5 827,1 769,6 18,9 673,0 36,2 170,5 481,5 466,1 64,6 84,3 816,8 384,9 677,7 339,2 312,3 909,0 
74: 393,7 316,1 419,6 639,5 517,6 790,6 893,4 308,2 789,7 733,2 560,2 60,6 467,5 307,3 425,0 348,2 282,2 299,3 607,1 824,3 
75: 417,9 664,0 758,6 940,9 255,9 720,8 760,2 700,3 671,1 328,2 71,1 332,3 442,6 337,7 419,6 531,0 440,6 247,3 343,0 108,8 498,2 352,0 
76: 291,6 74,3 490,4 722,4 146,1 522,8 24,5 280,4 769,1 818,6 84,4 
77: 558,7 935,4 567,9 641,4 
78: 629,0 760,7 602,6 777,5 546,6 235,3 439,2 601,2 795,2 957,1 976,5 757,9 865,7 489,0 728,2 664,7 180,0 783,2 472,7 593,8 471,7 453,5 76,9 455,4 514,3 370,5 647,9 212,8 415,9 978,0 516,6 298,8 429,0 826,6 859,1 433,0 444,2 35,7 197,3 103,5 971,9 625,6 780,0 363,4 769,8 890,8 308,2 
79: 607,2 
80: 740,5 
81: 304,6 224,8 617,4 728,4 664,3 309,6 610,7 411,3 52,9 276,5 932,8 329,7 762,4 88,7 851,7 805,7 937,6 960,7 333,2 489,2 623,4 122,6 545,4 
82: 476,4 752,9 187,8 840,6 
83: 
84: 73,3 111,9 881,1 305,8 387,5 400,0 214,0 78,8 378,7 36,8 185,7 216,5 
85: 292,9 718,3 
86: 483,2 
87: 33,9 
88: 431,0 543,1 
89: 446,8 717,8 167,4 208,7 535,0 766,9 231,9 598,6 524,6 959,5 135,6 817,7 88,3 641,3 249,4 493,8 
90: 411,0 892,4 10,9 933,3 974,8 855,7 322,6 234,3 164,4 
91: 296,2 363,7 515,4 171,1 760,0 181,0 389,9 
92: 968,5 286,0 52,5 566,9 730,7 913,3 430,0 803,7 701,7 941,6 948,5 969,7 542,9 514,3 209,0 243,2 337,6 415,5 733,9 986,3 483,1 920,6 
93: 479,5 759,9 654,0 770,8 972,0 751,4 765,7 185,6 921,4 6,9 839,2 57,0 3,3 
94: 6,1 231,3 95,9 454,3 504,9 343,2 123,7 341,9 709,4 108,5 544,8 794,8 767,3 237,2 
95: 572,5 88,5 737,7 814,8 510,1 608,9 773,0 544,2 804,0 4,7 235,3 473,7 511,1 492,6 713,5 966,0 228,9 
96: 407,5 907,1 342,0 770,2 
97: 328,0 172,8 636,3 695,4 814,5 708,6 745,4 284,1 731,9 559,6 18,3 520,7 837,6 819,7 315,0 32,8 972,6 628,0 723,0 56,8 640,6 774,6 978,9 676,5 638,2 339,2 555,0 31,6 505,6 346,6 323,7 987,2 769,6 303,5 119,1 924,7 788,0 952,0 658,3 387,3 603,4 781,4 47,1 395,8 0,7 650,8 913,7 474,6 552,6 942,1 805,0 750,4 43,7 108,9 
98: 457,7 389,1 682,9 313,3 757,3 755,3 312,4 392,7 803,3 126,2 317,5 
99: 67,8 223,3 701,7 610,1 
100: 766,6 830,0 176,2 658,0 492,4 148,7 945,6 987,5 536,4 620,7 862,4 136,3 225,8 932,5 435,6 828,4 440,3 373,5 648,6 511,4 493,3 454,8 389,6 860,3 
101: 397,2 521,0 71,8 299,4 13,5 671,5 714,5 715,1 122,0 534,1 974,0 
102: 64,8 
103: 760,0 5,8 552,4 861,2 16,6 14,8 596,8 656,8 174,2 209,8 430,6 412,7 191,0 863,9 789,7 440,2 59,8 
104: 962,5 115,6 983,7 697,1 54,4 325,5 770,2 627,1 599,8 890,1 922,0 126,2 134,3 177,4 568,1 246,3 574,8 478,0 40,0 392,3 274,8 788,1 39,8 855,2 365,8 397,3 934,1 
105: 314,9 967,0 976,4 534,9 738,6 571,8 584,1 551,0 673,9 364,4 698,6 195,4 725,9 
106: 952,8 110,2 553,4 769,5 757,1 901,4 473,4 938,2 275,7 971,6 744,5 57,7 35,2 734,2 78,4 683,8 964,1 385,3 289,8 529,8 
107: 228,4 953,5 
108: 308,8 849,0 
109: 295,6 981,8 638,9 317,6 230,6 533,5 2,7 591,4 449,2 56,8 90,0 3,0 151,8 515,1 154,5 546,2 161,4 538,7 358,1 200,1 493,1 802,1 889,8 651,1 687,1 779,6 429,7 
110: 727,7 527,3 968,5 322,7 629,1 413,0 469,8 990,2 
111: 
112: 645,5 477,1 498,2 
113: 513,9 638,2 183,2 446,5 820,7 964,6 
114: 866,4 216,2 388,2 168,9 289,8 877,5 141,7 703,1 177,1 378,4 
115: 75,7 215,2 243,6 856,2 946,0 
116: 201,2 422,9 458,5 666,7 490,5 741,6 936,6 891,1 
117: 185,8 275,4 852,8 642,2 935,6 622,6 702,2 587,0 731,0 514,3 681,8 404,0 971,4 344,0 68,4 98,7 230,6 131,3 968,6 289,1 448,5 515,0 715,6 509,8 989,2 907,8 362,1 238,8 353,5 226,7 67,5 513,9 336,8 850,4 241,1 605,0 244,2 307,8 283,8 
118: 729,5 243,8 
119: 492,0 820,5 348,7 544,7 856,3 594,5 177,7 628,9 591,0 384,1 949,7 805,0 411,8 510,5 81,2 338,1 735,6 92,6 422,2 674,8 824,2 155,3 868,2 32,0 981,5 913,4 
120: 
121: 677,1 265,3 39,7 655,6 318,7 664,3 109,0 703,6 726,4 375,7 807,8 930,6 
122: 859,8 6,5 733,5 398,8 
123: 67,5 603,7 
124: 258,6 
125: 695,4 130,1 597,4 702,2 846,4 312,4 796,5 
126: 926,8 444,7 503,4 741,2 239,4 598,7 435,8 240,5 189,9 37,9 694,8 34,5 40,8 90,9 190,0 167,1 188,3 182,0 
127: 163,6 769,9 210,2 968,3 600,9 126,8 403,1 444,9 553,8 827,7 87,5 801,0 943,7 493,2 252,7 666,8 195,1 433,3 631,9 196,2 585,5 706,8 
128: 828,1 73,5 520,6 916,7 589,1 
129: 899,7 830,5 2,1 353,9 230,1 653,4 
130: 
131: 337,9 150,5 902,4 84,5 253,4 976,7 
132: 896,0 469,6 185,2 347,2 439,8 500,1 496,1 524,4 
133: 206,3 917,6 200,6 21,4 
134: 218,8 151,0 
135: 532,8 595,5 793,9 275,3 331,8 42,8 335,0 368,6 772,1 577,2 812,2 553,3 381,4 50,8 272,2 817,1 583,9 199,4 54,2 437,5 273,0 
136: 944,2 945,7 870,9 527,3 495,1 672,2 901,4 
137: 765,0 
138: 112,6 721,6 125,8 714,2 13,1 665,5 
139: 872,1 978,0 927,6 
140: 878,7 
141: 424,5 150,9 
142: 496,2 686,9 885,3 760,5 
143: 691,5 646,9 791,6 632,8 406,7 425,4 938,9 959,0 493,8 956,6 983,9 140,4 16,0 643,0 231,1 
144: 799,7 856,4 102,4 167,9 996,0 628,0 860,1 104,3 635,1 936,6 944,6 
145: 676,4 77,8 632,3 132,2 22,2 215,0 696,3 844,7 700,1 64,1 613,2 
146: 592,2 107,8 653,3 769,4 717,1 494,3 21,2 437,3 466,9 
147: 924,5 861,4 751,6 834,6 819,0 319,2 826,3 445,6 824,6 650,1 860,8 181,1 854,8 798,6 835,5 168,8 2,2 6,7 730,3 237,1 293,4 514,7 722,2 778,0 743,6 911,2 
148: 134,4 216,8 687,2 919,9 132,0 961,4 173,4 213,3 48,8 50,9 
149: 664,2 675,0 699,0 714,4 239,6 371,8 200,4 264,4 858,3 
150: 939,0 674,4 623,4 
151: 515,7 189,2 649,4 
152: 465,1 868,6 591,9 374,7 984,7 738,9 
153: 952,1 680,5 497,3 794,1 588,0 293,0 88,4 73,2 110,1 166,7 406,4 768,6 
154: 216,7 248,4 
155: 129,6 544,5 
156: 561,1 701,2 819,3 996,3 841,7 5,1 80,2 836,1 505,8 
157: 520,6 691,1 819,3 626,6 
158: 108,2 634,7 91,8 782,9 464,3 93,8 579,1 474,0 953,4 804,4 15,8 914,1 503,5 415,2 165,3 979,9 564,6 813,9 342,3 443,7 143,1 502,1 289,5 962,6 253,9 399,0 757,5 259,4 124,6 532,7 693,5 336,2 913,3 156,2 182,9 343,4 
159: 100,4 265,4 31,4 954,8 509,8 6,6 258,5 740,3 5,0 244,0 200,4 991,7 563,3 297,4 986,7 171,7 483,6 526,6 
160: 974,5 609,9 318,3 844,8 922,8 937,8 239,2 775,6 936,4 837,3 396,2 722,3 736,3 875,3 634,9 320,9 785,4 
161: 853,7 523,0 778,4 
162: 1,1 
163: 884,8 
164: 446,5 691,4 890,3 120,1 439,4 685,5 126,3 643,8 715,4 399,8 588,5 426,0 489,6 119,6 485,5 94,3 318,0 672,7 
165: 885,2 965,4 35,9 810,6 182,3 389,9 34,2 323,8 516,2 423,1 225,7 974,5 511,3 344,0 399,4 95,0 
166: 285,6 123,8 697,6 460,3 684,0 
167: 884,0 921,5 245,8 914,1 808,5 
168: 
169: 302,8 692,1 956,7 245,8 
170: 5,9 599,0 376,5 781,1 
171: 72,4 501,3 820,9 219,0 
172: 756,0 804,9 747,4 48,4 653,2 549,0 628,3 574,0 228,3 
173: 441,1 546,1 567,9 457,5 801,3 968,9 126,5 373,0 160,7 982,2 165,4 397,5 234,6 439,5 552,3 971,2 67,7 664,3 545,1 572,0 667,0 635,6 936,2 870,2 
174: 73,7 45,0 943,1 920,2 984,7 
175: 653,2 278,1 535,0 881,1 652,6 808,4 145,2 551,2 727,0 
176: 385,0 
177: 
178: 
179: 49,3 443,0 300,4 493,6 747,5 492,6 705,0 322,0 535,7 739,8 540,3 311,2 170,8 25,9 490,6 267,5 508,1 599,6 644,8 645,3 505,2 133,4 865,4 
180: 
181: 648,2 953,2 189,2 641,8 387,6 878,5 99,9 196,0 398,9 214,3 811,4 995,8 754,6 955,2 422,2 581,9 352,1 667,8 967,5 812,3 958,9 433,7 77,8 386,5 23,3 156,1 981,0 75,1 261,5 71,2 443,7 462,7 893,8 46,8 122,0 348,6 504,3 
182: 142,6 312,7 639,4 399,1 875,6 857,6 418,1 424,0 731,5 831,7 327,3 946,8 315,0 908,4 797,1 311,4 455,9 798,6 837,6 
183: 326,0 733,5 940,9 581,7 739,0 724,9 75,3 647,6 750,0 
184: 761,2 928,8 837,7 371,6 575,6 828,4 104,3 
185: 326,4 329,2 150,2 
186: 309,3 375,4 873,0 874,7 513,1 690,4 967,2 192,8 896,4 43,3 317,2 641,4 
187: 906,0 857,7 548,4 
188: 741,4 
189: 371,7 355,8 758,2 917,5 279,6 784,8 927,5 48,6 595,3 604,1 882,8 282,1 227,6 487,7 757,7 203,5 977,2 623,2 
190: 172,1 549,7 
191: 283,5 593,7 433,6 411,1 540,8 231,9 767,6 
192: 26,3 703,0 688,4 272,3 391,1 306,0 860,9 875,5 974,0 900,8 225,8 577,4 792,8 
193: 764,0 554,6 121,3 895,4 972,2 569,2 341,4 826,1 499,8 
194: 902,3 578,1 
195: 625,3 18,4 337,4 606,7 211,8 421,1 352,4 884,5 603,4 47,6 470,0 950,1 412,3 563,4 915,2 
196: 990,4 343,3 680,0 384,4 258,7 
197: 113,8 737,2 508,0 339,4 466,1 35,9 
198: 
199: 379,5 988,4 467,3 159,6 385,1 100,1 
200: 890,8 
201: 850,4 
202: 353,2 670,1 584,4 389,0 723,4 266,9 573,7 40,4 
203: 985,5 929,7 401,1 101,6 696,6 708,1 
204: 148,2 161,9 317,4 830,7 774,9 797,8 78,1 221,1 175,2 322,9 809,3 
205: 288,3 
206: 
207: 154,6 634,4 
208: 450,3 626,8 
209: 997,3 118,6 718,5 259,9 6,1 
210: 472,6 487,3 868,2 493,8 280,1 398,4 400,1 
211: 881,3 
212: 540,4 893,5 781,4 430,1 561,2 784,0 260,3 554,5 887,4 773,9 432,0 881,6 857,2 671,5 768,4 
213: 165,8 263,4 479,2 414,8 400,7 705,2 168,1 364,7 926,2 
214: 765,3 829,3 203,9 648,5 439,6 805,1 104,0 103,8 820,4 177,4 268,6 54,6 772,1 687,1 420,7 39,7 656,1 460,7 326,9 899,2 755,6 292,6 989,7 26,8 563,8 795,8 
215: 391,0 514,3 954,8 86,7 463,9 19,7 625,5 675,5 765,4 219,9 338,8 823,3 423,2 205,0 602,2 598,6 748,9 54,8 439,4 610,9 388,6 620,4 576,8 447,5 
216: 295,1 137,5 437,0 605,4 178,7 722,4 428,7 347,4 703,5 990,0 92,7 116,4 546,4 397,9 633,9 626,3 459,9 
217: 280,9 988,0 310,7 729,4 529,9 868,4 24,3 409,6 751,8 968,5 95,9 715,8 829,4 496,8 629,7 586,8 19,9 732,6 621,8 94,6 494,7 931,0 
218: 
219: 5,4 955,7 924,6 
220: 462,2 909,4 841,9 77,7 122,2 671,5 11,7 260,7 529,0 681,6 947,3 549,1 700,8 933,1 272,2 953,7 290,2 766,3 
221: 
222: 172,8 522,9 665,6 276,9 712,7 408,5 257,6 173,2 216,4 702,0 67,7 
223: 252,1 564,0 311,2 409,9 646,6 122,8 306,4 730,2 324,6 
224: 199,9 871,0 356,9 439,1 495,1 670,2 553,3 341,4 946,5 593,8 256,8 167,5 671,6 448,2 967,4 862,4 306,3 742,4 97,2 181,8 435,5 772,6 197,1 554,0 357,8 885,2 856,5 59,1 778,5 569,4 931,7 79,3 851,5 
225: 924,6 952,1 824,2 48,5 715,9 601,5 694,7 
226: 113,3 241,2 633,3 251,6 65,6 114,1 66,8 594,1 527,2 546,4 
227: 628,6 921,8 318,1 207,5 261,8 689,5 424,6 423,6 225,0 843,6 222,1 296,7 306,4 444,0 315,7 764,0 786,6 206,4 751,5 348,7 810,1 167,4 728,7 694,3 807,9 902,2 437,8 993,6 661,8 601,8 725,0 442,1 835,5 272,6 283,6 626,2 830,2 307,6 372,3 840,3 547,6 425,2 420,7 
228: 941,0 969,5 241,1 360,3 458,1 275,0 37,2 286,6 615,4 
229: 704,5 460,0 297,6 735,0 
230: 348,5 553,8 979,8 206,0 474,6 714,9 
231: 853,0 688,5 125,5 628,7 411,2 
232: 281,2 395,9 985,0 869,0 130,8 704,7 653,1 396,9 612,6 984,8 397,3 
233: 516,5 995,8 600,5 133,4 180,6 784,5 728,6 264,5 480,3 
234: 842,7 
235: 816,1 753,4 899,2 288,1 175,2 870,6 266,5 520,9 348,2 977,0 595,4 651,3 698,5 627,4 84,2 929,9 394,8 215,4 550,1 948,2 930,3 
236: 426,4 836,1 654,7 190,0 244,9 232,5 241,2 139,3 257,0 777,2 113,4 729,4 490,6 588,8 593,4 945,3 422,0 258,3 160,9 743,6 833,3 719,8 965,8 846,3 172,1 924,3 93,6 44,7 448,0 27,6 43,0 727,0 
237: 656,2 
238: 161,7 334,3 706,5 221,8 427,2 472,2 97,7 398,3 214,4 952,6 5,8 447,0 551,8 853,6 915,8 339,1 72,7 801,9 872,5 932,3 145,3 537,6 292,5 923,8 601,2 414,7 471,4 876,6 52,6 188,3 379,9 577,0 593,8 979,9 
239: 
240: 34,1 457,5 393,6 465,7 7,9 
241: 165,4 973,5 676,9 489,7 24,8 402,7 947,2 954,1 699,7 
242: 302,4 514,2 659,5 745,6 133,4 86,9 568,4 488,8 813,3 489,2 3,0 608,6 
243: 694,3 584,4 930,4 613,1 140,4 763,3 444,0 474,3 678,7 99,9 746,7 623,8 938,8 423,3 340,9 628,8 674,7 969,1 243,1 557,7 258,5 
244: 
245: 242,2 637,7 206,6 854,9 607,4 812,8 706,3 503,5 951,0 994,1 269,3 997,8 451,3 508,9 72,7 325,1 926,3 628,3 283,7 665,3 173,3 406,0 
246: 126,8 824,8 760,4 259,4 573,4 152,0 335,8 411,1 546,8 970,3 80,0 933,7 108,9 477,4 138,2 445,3 877,0 436,4 761,7 
247: 655,5 202,3 
248: 938,0 
249: 762,3 823,6 141,1 407,8 802,7 242,0 797,8 80,1 406,6 615,5 385,7 82,9 673,4 918,5 995,1 306,7 4,9 728,4 441,8 742,8 150,7 519,3 921,1 514,5 1,9 9,8 46,5 552,5 939,7 138,6 629,4 777,5 806,9 904,3 
250: 418,5 346,2 569,4 684,0 603,6 699,1 730,6 
251: 
252: 8,2 
253: 38,1 
254: 208,1 509,8 812,8 889,9 810,6 496,0 
255: 89,5 660,8 619,6 266,3 650,0 21,8 518,2 356,6 41,9 670,2 858,2 978,6 449,1 872,2 789,2 486,7 
256: 241,5 550,5 262,3 420,9 527,3 669,9 402,5 742,5 869,2 
257: 862,6 412,3 314,4 796,4 702,7 833,5 983,3 551,2 
258: 
259: 768,2 972,3 57,8 58,2 762,9 870,6 476,9 
260: 128,3 71,3 719,7 155,5 193,5 517,5 679,9 157,6 537,1 563,0 591,3 21,6 387,3 269,7 156,8 571,2 
261: 996,4 627,3 449,7 504,5 730,8 823,5 66,7 984,8 814,8 223,3 521,0 
262: 956,5 122,3 314,5 457,3 793,3 6,0 733,2 829,8 204,3 
263: 54,1 272,0 611,4 872,2 539,7 79,8 580,5 621,3 617,7 
264: 62,8 785,2 157,5 563,6 601,5 225,7 837,6 406,7 
265: 572,2 
266: 598,6 707,0 912,9 170,0 820,2 844,9 195,4 742,9 80,1 380,4 564,3 856,4 
267: 355,2 175,6 
268: 202,1 224,4 771,2 792,8 
269: 486,4 484,4 942,3 243,8 
270: 
271: 993,1 26,7 155,2 118,4 749,6 293,9 
272: 848,0 63,7 6,5 117,2 210,0 278,2 42,2 400,8 745,5 3,5 404,4 104,3 701,6 397,2 503,9 476,2 743,9 125,0 
273: 157,2 0,4 165,4 278,4 699,3 900,4 729,7 844,1 902,0 669,2 151,0 53,2 965,5 263,4 283,9 584,5 327,4 753,1 467,7 869,3 870,6 657,1 49,6 405,7 645,4 687,1 24,7 633,6 777,3 595,0 172,9 
274: 390,5 
275: 482,2 499,2 424,9 812,8 384,5 618,9 688,6 453,5 570,4 
276: 67,3 840,1 989,9 293,7 
277: 462,2 395,8 803,1 150,1 289,2 374,7 907,0 3,8 644,5 905,2 
278: 779,9 685,1 187,4 
279: 714,9 422,2 628,7 58,5 288,7 444,4 747,8 846,7 280,5 77,0 145,5 365,4 32,3 407,8 665,8 952,8 16,0 990,1 853,4 144,9 304,0 497,6 510,9 215,5 654,6 273,7 189,0 605,0 
280: 21,2 733,2 534,3 312,5 401,7 358,9 553,7 390,8 899,9 
281: 18,9 417,6 372,6 645,7 159,5 912,2 108,7 406,6 518,5 78,9 635,9 971,4 61,6 318,6 25,9 
282: 667,3 192,6 189,5 254,2 280,2 207,4 
283: 454,6 73,9 448,6 680,4 271,2 223,9 158,7 352,4 423,4 960,8 45,2 452,2 504,6 661,4 604,6 632,5 
284: 803,8 783,9 211,0 657,3 786,1 976,2 676,5 407,7 613,2 667,0 672,0 562,7 782,9 223,2 555,3 827,1 55,1 
285: 103,8 632,7 639,8 93,0 926,9 172,4 453,1 756,2 916,3 435,5 976,6 40,1 243,8 392,1 421,2 967,5 667,3 996,8 
286: 694,9 767,8 11,6 86,0 663,6 
287: 274,7 421,0 185,8 454,0 196,4 316,4 188,2 522,2 
288: 105,0 401,9 10,7 18,3 942,7 870,9 976,7 604,7 235,1 606,6 830,9 749,0 892,6 626,1 555,2 2,7 78,4 147,7 656,3 
289: 984,3 718,2 219,5 527,1 870,6 
290: 127,9 159,8 309,4 120,1 338,9 110,0 749,3 265,1 391,6 88,5 172,9 188,6 281,3 711,4 87,6 456,2 607,0 716,1 182,1 209,0 
291: 
292: 710,1 212,0 234,2 15,0 
293: 798,2 582,1 
294: 730,1 97,8 819,8 
295: 543,1 714,1 146,2 891,5 981,4 230,9 715,9 257,8 416,0 626,8 812,7 727,8 432,2 284,0 
296: 293,8 452,3 167,4 332,4 471,9 227,7 
297: 968,9 
298: 420,7 298,8 9,0 447,9 544,3 627,6 291,4 70,7 307,7 182,5 280,1 954,6 
299: 39,6 49,9 101,6 823,0 733,8 164,1 365,1 945,2 451,8 
300: 362,3 629,5 
301: 463,1 735,2 252,9 813,4 917,8 261,3 937,4 784,1 
302: 499,1 522,8 645,8 377,9 548,6 342,6 975,5 346,1 762,9 295,9 697,0 88,2 227,5 838,9 382,1 980,0 702,2 180,7 488,8 951,1 329,1 790,0 482,6 414,5 
303: 
304: 414,6 920,3 36,4 979,7 701,7 72,4 483,1 177,4 78,6 49,0 646,6 180,7 584,4 403,1 134,6 660,9 230,3 904,3 80,5 702,7 753,0 469,4 563,5 782,1 841,2 
305: 133,2 852,8 666,9 487,3 183,5 548,0 
306: 869,6 204,6 807,6 408,2 794,1 374,0 657,4 686,8 992,9 461,3 279,2 711,2 508,2 694,3 877,4 482,0 398,0 887,5 
307: 405,6 4,3 412,7 
308: 328,4 53,1 141,8 731,1 593,4 430,9 579,1 438,7 334,6 195,3 661,6 849,4 574,3 133,7 721,2 711,8 812,5 516,6 917,8 187,7 105,4 873,7 197,7 231,1 394,6 511,3 688,5 17,1 
309: 803,5 266,8 327,3 314,0 483,9 917,6 150,5 607,9 117,2 369,4 923,8 296,0 727,0 401,9 566,1 
310: 381,5 
311: 346,0 216,9 
312: 772,7 158,4 502,0 76,9 42,8 470,8 720,2 741,0 471,4 192,4 177,2 662,4 109,7 216,8 715,0 393,6 555,6 311,4 334,4 896,7 232,1 245,8 265,1 757,9 834,3 
313: 255,1 498,0 
314: 98,5 769,6 698,7 
315: 717,2 209,1 319,0 586,5 904,0 620,8 765,4 828,5 600,2 102,6 942,9 604,3 654,3 0,5 208,1 249,3 270,9 296,2 674,4 283,1 350,7 590,6 552,4 972,3 676,0 729,6 114,7 906,2 34,6 499,0 800,3 
316: 463,3 
317: 984,5 151,6 282,4 919,2 864,8 515,6 458,3 52,3 281,1 785,6 879,1 288,1 798,0 188,5 
318: 94,8 591,9 375,9 
319: 
320: 
321: 
322: 
323: 832,1 
324: 582,1 830,8 645,6 56,7 690,7 22,3 431,8 332,2 245,3 307,2 458,3 880,7 179,5 934,8 731,9 488,3 656,8 861,5 895,3 510,3 148,8 815,3 584,9 672,0 724,0 743,7 703,2 564,0 556,6 732,5 33,9 636,5 360,4 915,2 
325: 926,7 9,6 75,5 
326: 756,8 566,6 286,5 554,1 703,1 176,6 682,5 691,9 
327: 267,8 348,2 522,8 
328: 247,7 816,6 
329: 756,3 390,3 748,3 154,1 459,9 934,9 150,3 959,5 
330: 796,6 823,4 416,1 342,9 385,7 749,6 255,7 573,8 671,1 597,2 775,1 425,2 506,7 449,2 405,2 359,3 614,3 
331: 537,0 
332: 999,8 56,1 538,0 140,9 301,8 
333: 770,7 660,8 224,3 338,6 829,8 630,8 989,7 
334: 66,7 988,0 12,1 450,5 593,9 350,4 407,6 71,7 97,3 850,1 848,4 931,2 716,0 909,0 727,1 660,3 719,5 401,5 885,6 884,7 862,1 
335: 474,7 547,8 594,3 42,9 173,7 355,4 511,9 51,3 872,2 94,6 513,8 523,6 836,0 888,7 449,9 782,0 380,3 415,0 528,3 724,7 624,2 767,8 2,5 188,7 512,4 913,0 340,6 667,7 771,4 876,5 787,6 110,1 29,8 701,6 691,0 135,5 378,2 566,7 790,1 442,7 18,1 952,8 927,7 176,4 262,7 
336: 633,0 416,5 280,7 682,1 371,1 376,5 672,0 405,5 629,0 683,0 493,8 609,5 456,6 
337: 
338: 629,0 995,5 334,2 4,3 760,8 131,6 424,8 769,9 594,3 
339: 212,7 162,0 931,9 559,2 265,4 983,2 
340: 613,1 65,9 
341: 779,3 183,3 691,3 744,9 788,3 535,0 
342: 265,3 966,5 425,3 412,3 616,0 414,9 26,1 157,6 643,3 490,0 169,2 956,6 133,4 945,0 53,8 687,1 199,3 995,1 427,0 854,0 461,6 397,7 161,3 491,1 997,8 
343: 
344: 333,2 464,7 
345: 154,3 728,8 256,2 531,9 714,4 969,7 297,6 755,4 
346: 910,4 762,4 793,5 95,5 
347: 837,8 30,6 276,6 619,3 102,6 378,6 825,8 341,1 947,5 752,5 381,8 576,9 468,6 751,6 291,1 951,4 578,1 915,2 
348: 46,4 208,1 216,8 265,1 594,6 941,9 235,5 
349: 356,9 921,8 782,0 434,6 845,8 334,3 403,2 447,1 258,5 49,8 495,1 16,0 350,8 358,4 738,7 238,0 994,7 867,0 82,8 686,6 288,7 187,2 398,2 776,0 
350: 627,9 268,7 325,1 469,6 665,6 764,8 453,3 67,6 
351: 
352: 572,6 491,9 75,7 116,5 301,0 592,5 363,0 463,5 185,0 291,3 272,5 71,0 285,8 554,4 218,3 668,5 111,0 929,2 12,6 661,3 697,2 391,1 984,2 262,6 431,6 132,7 490,3 101,1 
353: 
354: 521,7 131,5 97,5 951,8 875,2 441,7 671,5 874,6 809,6 339,8 741,5 650,1 420,0 103,8 973,7 289,9 823,5 
355: 851,0 160,7 292,9 690,0 510,4 740,7 775,6 427,6 896,0 162,0 643,9 323,6 416,7 
356: 216,3 801,5 158,4 541,2 54,1 
357: 
358: 160,9 69,5 
359: 30,9 847,3 726,4 603,7 229,5 703,3 1,4 400,4 31,3 119,5 372,8 509,8 96,5 673,7 77,3 258,5 428,4 584,4 730,9 408,6 4,4 5,1 656,4 17,0 107,4 449,0 588,1 486,1 479,0 557,6 840,5 72,5 25,3 971,4 392,1 960,7 
360: 
361: 358,8 197,5 
362: 393,2 588,6 635,7 682,2 293,7 263,9 817,7 
363: 92,3 64,3 487,9 783,7 770,6 37,3 
364: 186,2 323,4 220,4 185,3 711,3 663,1 609,0 755,4 601,9 799,8 594,3 970,9 499,4 415,7 620,2 632,8 
365: 513,2 320,2 579,2 117,6 820,6 812,5 362,1 257,7 790,5 70,5 
366: 909,3 274,5 283,1 73,0 152,9 478,5 595,1 10,7 623,7 17,6 459,4 474,2 767,6 136,9 615,0 824,0 112,5 546,2 596,7 
367: 
368: 
369: 
370: 561,0 
371: 763,2 752,4 694,6 777,4 572,2 380,8 960,8 190,7 993,8 590,5 657,9 18,6 191,3 319,2 491,9 197,4 557,3 876,4 930,6 
372: 643,0 22,6 314,4 427,3 579,3 710,3 980,8 786,0 204,7 324,5 646,7 887,6 268,8 432,1 
373: 216,0 
374: 516,2 668,6 115,1 350,5 308,4 727,5 702,7 
375: 416,7 657,8 305,6 227,6 766,2 321,8 359,3 399,7 27,0 789,2 117,7 687,6 
376: 995,0 251,6 291,6 653,1 9,3 89,8 333,2 254,4 734,5 236,2 773,2 889,8 420,0 533,3 549,0 690,2 101,5 774,5 581,2 540,6 827,0 71,7 597,8 354,3 913,5 
377: 221,0 307,1 798,1 254,3 664,5 315,9 66,5 154,2 468,5 331,0 528,6 727,5 684,5 887,9 284,3 928,0 935,2 559,8 608,1 947,8 
378: 150,7 134,2 317,8 710,5 434,0 845,4 395,4 
379: 713,8 885,5 531,8 847,0 594,6 784,2 350,0 911,6 297,4 
380: 298,4 784,9 737,1 525,4 0,6 262,7 450,2 203,0 500,4 668,9 
381: 457,1 46,8 309,5 
382: 
383: 
384: 147,7 148,3 
385: 452,5 184,6 741,3 
386: 190,3 152,5 565,7 224,3 385,8 7,4 722,0 942,6 
387: 391,6 836,5 975,4 242,5 715,6 872,3 856,0 47,0 785,9 753,4 610,7 603,1 114,2 27,6 53,6 
388: 764,6 499,3 437,1 604,0 652,0 
389: 744,3 583,9 245,8 448,9 34,5 112,4 
390: 484,3 153,9 
391: 503,3 104,4 
392: 116,6 
393: 247,3 315,3 746,0 220,6 380,4 6,0 902,1 148,6 305,7 363,2 561,3 55,7 359,6 130,5 149,4 
394: 974,4 257,8 72,6 127,1 218,7 357,8 293,4 856,2 719,1 611,1 
395: 336,4 202,1 231,8 760,8 576,0 859,7 350,5 586,4 219,0 412,3 274,5 10,6 187,2 401,6 696,9 453,0 513,8 
396: 190,3 
397: 477,0 800,1 297,8 823,8 250,6 547,3 457,1 147,3 9,2 
398: 810,4 149,8 710,1 107,4 539,3 349,6 263,9 
399: 251,9 344,7 952,7 963,9 101,7 117,4 542,8 711,6 806,5 2,0 1,3 987,7 537,9 973,6 4,5 702,1 380,4 
400: 253,0 557,8 622,7 658,5 
401: 299,3 984,2 283,7 46,1 
402: 373,3 695,7 495,4 405,5 
403: 489,5 680,8 871,2 985,9 721,3 464,6 447,2 110,5 
404: 576,7 290,7 520,9 447,4 317,4 863,3 501,8 413,8 623,2 391,1 765,7 591,4 606,2 
405: 33,9 180,1 993,3 18,9 468,2 351,3 982,8 74,5 406,1 
406: 877,6 57,7 
407: 
408: 26,2 462,8 371,4 617,8 647,2 649,8 
409: 417,3 390,2 284,5 793,5 
410: 223,6 870,7 485,4 887,6 70,1 330,9 99,4 125,2 264,7 489,7 322,9 703,2 609,0 537,2 726,5 
411: 192,3 251,7 703,4 569,8 
412: 118,3 74,2 87,5 326,0 462,9 153,2 595,6 768,8 102,6 29,6 382,9 615,6 984,9 479,0 23,0 832,7 506,6 759,0 573,9 
413: 306,0 262,5 805,4 924,9 446,2 159,7 212,1 430,4 
414: 
415: 862,1 
416: 266,0 326,4 619,8 395,0 443,2 
417: 791,5 867,4 
418: 536,1 
419: 637,9 457,7 703,6 100,0 314,2 50,6 
420: 154,6 868,0 332,3 313,1 417,8 666,9 209,2 
421: 549,1 520,9 530,9 340,7 833,1 568,2 223,9 299,7 331,8 
422: 431,9 882,6 351,1 190,7 356,4 620,8 185,7 303,8 397,9 484,5 
423: 244,3 378,8 568,8 380,4 645,2 573,6 195,7 763,5 429,1 736,5 217,1 780,5 540,8 
424: 4,5 214,6 120,1 431,7 
425: 335,5 
426: 919,4 842,8 906,2 167,7 290,8 289,5 706,3 587,6 293,5 502,5 207,1 274,4 820,1 219,6 730,2 927,0 8,9 823,9 
427: 303,2 746,0 502,4 752,1 599,8 851,9 574,6 899,2 227,9 295,3 653,4 212,6 453,3 613,8 762,5 585,8 
428: 95,7 786,4 136,4 626,2 665,5 258,8 429,4 612,2 335,2 912,5 597,3 935,4 104,1 733,2 143,8 267,2 962,2 339,2 581,9 684,0 366,8 519,1 787,6 803,9 901,1 889,5 918,2 7,7 296,7 656,1 952,3 522,5 243,3 653,2 251,1 356,5 453,9 
429: 171,8 956,5 570,1 179,5 44,9 805,0 238,9 48,3 257,3 
430: 371,3 855,0 202,5 459,0 460,5 63,0 507,0 894,1 783,7 330,1 231,1 387,8 164,5 549,3 769,9 73,9 279,4 132,4 
431: 44,4 
432: 399,5 369,3 510,3 22,0 518,4 114,9 926,5 946,6 588,6 830,0 5,5 338,0 235,6 631,6 197,4 638,2 280,9 70,4 
433: 592,3 66,5 122,3 404,8 612,8 768,9 193,8 532,1 
434: 270,0 564,9 776,2 964,8 441,9 930,5 496,6 905,6 404,9 803,1 865,5 168,4 211,4 601,8 995,5 973,2 719,6 505,2 741,1 829,3 95,2 472,4 159,9 951,6 831,2 735,5 734,6 819,8 
435: 415,6 510,7 355,6 535,8 
436: 352,7 436,4 
437: 484,9 628,7 705,4 347,3 481,8 946,8 
438: 274,0 920,2 292,4 553,8 458,6 707,9 759,1 804,1 
439: 92,8 206,5 848,4 653,5 
440: 46,2 244,0 
441: 945,4 425,0 406,2 58,2 617,0 584,0 991,9 587,1 985,4 232,8 619,2 773,4 
442: 402,2 25,6 80,0 745,4 463,7 996,0 
443: 985,3 329,5 
444: 962,7 505,6 868,6 635,9 859,8 152,2 519,2 543,8 775,6 918,2 26,9 296,3 813,0 146,9 646,9 67,2 427,8 627,6 388,7 607,1 224,2 716,3 532,4 347,5 740,4 66,7 131,5 700,9 183,7 
445: 252,5 
446: 862,2 713,8 391,0 710,1 787,0 104,4 691,6 513,7 669,2 
447: 826,7 805,5 94,3 381,3 691,6 533,7 924,9 905,8 44,9 
448: 597,6 131,5 
449: 30,9 615,6 674,5 
450: 9,2 50,4 260,2 811,7 969,8 83,8 433,5 107,3 568,9 25,2 706,0 
451: 597,4 34,0 817,4 760,6 562,4 239,4 617,7 158,4 877,1 220,6 613,5 675,2 758,4 382,4 725,9 581,3 73,1 801,1 131,3 236,1 621,1 533,4 
452: 518,3 603,7 836,5 870,7 491,9 
453: 658,0 
454: 228,8 
455: 
456: 351,6 843,3 867,4 554,2 679,0 997,8 578,4 550,0 393,1 
457: 82,2 202,8 981,0 755,9 820,7 560,4 731,1 298,7 882,9 336,1 482,3 204,1 936,4 901,0 453,8 845,7 345,9 934,5 98,5 78,7 181,7 447,6 469,5 562,7 467,2 281,9 220,1 555,7 601,3 821,0 253,2 300,8 539,8 642,7 431,3 434,9 
458: 
459: 567,0 893,8 889,7 89,0 450,7 961,9 480,6 784,7 862,7 943,1 
460: 941,7 936,0 835,7 630,6 150,9 805,0 492,9 549,8 
461: 223,3 593,5 155,3 956,3 125,1 443,5 
462: 13,0 233,2 512,1 253,1 469,4 624,0 733,0 68,5 
463: 361,6 96,5 893,4 42,9 380,3 498,2 75,5 889,2 526,8 569,4 772,8 715,3 338,0 362,0 457,4 759,7 758,6 775,9 
464: 758,3 502,8 282,9 662,4 79,0 214,2 894,6 911,5 396,2 477,3 11,7 933,4 278,7 823,7 598,5 216,0 337,6 465,8 332,9 746,3 198,9 212,5 440,6 35,6 327,7 
465: 
466: 274,6 445,1 283,0 230,6 801,3 798,9 406,2 219,9 77,8 
467: 971,3 500,5 930,4 168,7 80,4 277,9 574,1 949,7 134,4 643,7 279,4 367,9 456,4 83,9 429,8 182,2 631,7 226,9 288,2 
468: 791,9 609,7 114,2 
469: 
470: 
471: 32,6 488,0 
472: 889,2 454,2 
473: 55,7 408,6 924,0 134,1 442,7 23,4 223,8 504,7 925,7 171,5 470,8 113,4 746,6 864,5 137,0 630,2 412,8 555,2 149,8 477,6 
474: 495,5 639,6 666,0 
475: 
476: 566,4 621,0 34,3 951,0 6,0 921,3 341,7 643,6 834,0 369,0 336,1 225,4 748,6 
477: 896,1 537,9 462,5 900,5 912,9 398,7 894,2 644,4 13,6 671,2 591,0 296,5 
478: 334,1 471,3 834,4 483,7 849,4 440,6 581,8 223,0 933,1 
479: 619,6 495,6 881,9 305,7 978,4 179,8 
480: 965,0 903,7 296,4 326,3 470,1 814,8 
481: 504,1 249,3 650,9 182,4 252,1 224,6 
482: 
483: 606,7 652,4 853,7 670,8 41,4 627,4 335,5 684,7 841,7 885,5 837,2 438,9 160,7 600,9 738,2 650,0 84,1 653,6 583,5 400,5 75,5 833,3 715,4 570,5 890,7 657,9 
484: 
485: 25,0 730,4 583,8 
486: 595,8 146,4 126,8 103,0 296,7 311,1 
487: 878,0 263,4 365,0 466,5 380,5 
488: 721,9 71,0 315,7 361,7 163,4 125,3 226,8 445,1 239,9 379,8 629,9 830,7 958,6 972,7 221,3 13,5 559,3 850,4 908,8 159,5 371,0 
489: 253,1 997,6 295,3 618,8 134,0 556,2 
490: 968,2 115,6 203,0 499,3 242,8 824,3 104,6 110,2 72,1 310,2 917,6 981,5 127,5 59,7 626,6 723,5 377,2 710,6 238,6 342,3 
491: 169,9 42,3 197,5 231,5 753,0 608,4 347,0 929,7 571,7 609,9 
492: 39,8 548,4 817,9 600,9 780,7 111,1 765,4 886,7 931,2 402,5 414,6 150,5 963,7 547,5 562,7 981,3 247,5 518,2 830,8 55,6 63,7 491,7 534,2 286,3 145,1 110,9 664,8 492,1 
493: 517,8 153,6 644,3 730,9 102,0 982,7 501,2 35,0 485,4 316,0 530,9 201,6 667,2 
494: 894,9 
495: 555,2 94,8 126,3 87,4 846,5 596,7 812,7 286,8 988,5 38,3 567,4 363,4 421,5 96,5 620,7 111,5 309,9 806,9 564,2 583,1 55,5 673,5 256,6 293,5 155,7 0,6 639,2 366,9 633,3 936,6 962,5 844,2 
496: 
497: 694,5 6,3 778,7 80,4 270,7 89,9 354,0 528,2 409,5 252,6 139,2 161,8 655,1 514,8 
498: 285,5 556,2 136,9 695,0 94,6 124,5 633,0 250,9 490,9 503,3 
499: 181,1 423,1 57,4 632,9 496,7 568,8 122,0 
500: 306,3 538,4 947,8 194,4 114,3 87,3 719,4 141,6 590,5 
501: 717,7 576,9 269,5 746,8 659,3 
502: 756,3 259,1 232,7 378,9 216,9 956,1 
503: 172,1 713,3 756,0 240,8 242,5 909,0 
504: 135,0 
505: 
506: 227,9 639,5 649,9 60,0 144,9 94,4 685,0 379,0 178,5 449,9 845,8 574,8 
507: 900,6 916,2 737,8 276,4 748,8 243,6 321,7 896,1 206,8 716,8 923,2 892,5 874,0 710,7 915,9 906,5 431,3 635,3 897,2 463,8 435,8 513,6 69,4 292,0 339,8 994,5 260,9 80,1 238,8 664,8 814,0 291,9 594,4 652,7 539,3 
508: 883,2 519,6 738,6 977,5 416,2 334,4 649,7 752,3 955,7 193,5 
509: 462,9 
510: 445,8 464,4 184,4 536,0 634,5 862,1 921,5 676,2 140,4 566,3 759,1 771,4 
511: 716,9 224,3 590,8 
512: 306,4 617,3 230,6 525,7 420,2 604,6 684,6 136,1 388,7 764,8 906,5 211,8 844,9 480,9 89,0 254,1 
513: 
514: 74,5 177,2 163,2 
515: 247,1 160,2 843,4 742,6 856,7 703,0 939,1 
516: 25,4 
517: 371,8 977,6 153,1 193,2 509,6 403,9 841,2 806,7 842,5 130,4 434,4 644,2 183,6 459,0 159,7 
518: 318,9 730,6 478,3 274,4 733,6 147,6 591,3 785,4 994,4 271,4 104,7 113,8 837,8 798,0 341,1 319,4 623,5 586,7 954,0 
519: 401,5 857,2 25,3 504,6 176,9 127,9 151,4 90,4 240,6 
520: 372,3 125,8 245,2 
521: 258,8 643,0 692,2 152,5 
522: 793,4 940,3 373,6 359,5 898,6 199,1 597,4 227,4 221,2 856,0 755,0 980,7 832,5 833,2 41,1 897,7 254,6 307,4 967,9 352,6 244,9 49,4 27,2 905,4 432,6 453,8 789,4 730,7 489,3 634,1 917,7 278,2 480,9 154,1 351,3 687,8 289,7 
523: 624,5 644,5 
524: 468,9 815,4 885,0 280,4 933,5 36,9 
525: 83,7 523,1 65,4 998,9 36,8 323,2 691,5 827,2 879,7 359,1 
526: 36,5 506,3 275,4 791,6 80,2 34,4 66,5 542,4 757,0 619,8 918,1 871,7 
527: 789,0 248,5 830,0 357,8 
528: 308,7 
529: 630,7 215,2 102,2 
530: 763,9 
531: 875,3 741,8 9,7 366,5 861,8 287,7 856,7 593,1 849,4 21,6 155,8 265,8 60,7 365,7 889,6 736,8 879,8 990,4 994,4 261,7 80,9 263,9 646,7 126,0 535,6 202,0 995,6 518,0 212,9 213,5 652,0 872,4 761,2 392,3 664,3 
532: 256,3 436,9 845,5 884,4 315,4 88,2 411,9 64,0 846,5 696,5 53,5 71,2 43,3 80,5 513,2 301,7 381,2 183,4 847,9 363,5 235,6 72,2 817,7 326,5 433,8 
533: 268,2 465,8 702,4 180,8 
534: 367,2 682,8 838,6 283,5 111,2 667,3 863,6 
535: 435,5 406,9 566,2 441,9 693,0 201,8 39,6 329,7 199,9 491,7 209,1 656,6 144,8 499,3 898,7 237,9 
536: 619,6 734,8 158,8 666,5 670,2 388,8 167,0 337,9 179,3 603,7 154,6 378,7 171,7 228,8 639,8 465,8 684,0 
537: 74,2 891,0 
538: 519,7 879,4 968,2 628,9 969,9 978,7 
539: 539,4 238,6 932,2 957,7 987,9 308,8 
540: 906,2 864,0 562,8 31,2 755,5 203,0 322,9 622,8 863,1 813,7 539,0 
541: 408,0 730,1 
542: 194,5 254,4 
543: 609,8 655,3 126,0 681,3 947,7 
544: 152,2 857,8 881,0 13,0 733,6 736,3 725,2 451,7 116,4 957,9 613,6 103,0 83,9 709,4 278,0 680,5 
545: 85,0 399,1 556,8 40,8 357,8 674,3 897,9 933,8 479,3 130,9 641,6 952,3 
546: 139,9 389,5 657,8 801,2 63,8 37,3 759,9 557,1 653,1 158,0 531,4 266,9 367,1 173,6 73,7 
547: 682,2 
548: 903,4 49,9 739,4 
549: 568,2 563,5 654,0 463,4 38,3 421,8 450,4 798,2 537,1 959,5 9,7 861,3 960,5 56,1 230,3 
550: 68,2 111,5 112,9 756,0 475,9 898,0 401,2 835,3 481,2 843,3 948,3 939,5 357,0 109,1 164,1 458,0 750,8 450,3 547,5 0,9 88,0 43,8 
551: 576,1 410,4 948,8 710,7 45,7 508,9 936,4 847,3 
552: 49,6 954,6 
553: 145,2 689,2 585,7 408,7 986,3 364,0 421,2 650,5 293,0 548,7 882,8 688,4 952,9 
554: 996,0 769,3 
555: 441,9 
556: 3,9 598,2 163,7 401,0 72,7 217,8 264,0 745,9 842,8 609,6 973,3 681,0 151,1 777,1 868,8 976,9 709,9 468,1 391,2 54,4 372,0 507,9 603,9 
557: 600,3 503,2 73,4 349,2 894,6 
558: 724,2 718,3 704,4 904,6 
559: 340,4 24,4 166,3 167,5 952,7 788,7 
560: 421,2 999,8 672,4 838,0 978,9 197,0 
561: 347,5 501,4 12,9 287,5 
562: 537,9 12,2 689,5 811,8 247,5 900,9 152,6 751,5 639,3 100,1 387,6 520,3 
563: 948,3 881,0 390,4 770,9 496,9 65,3 405,6 146,1 396,9 777,2 291,1 338,6 937,3 290,2 629,0 358,6 437,7 418,1 
564: 600,8 751,4 393,8 607,8 965,7 665,1 890,0 
565: 346,7 909,5 809,0 599,7 916,4 982,6 243,1 582,4 740,6 
566: 455,4 193,7 384,5 488,1 822,9 50,7 396,5 
567: 849,9 233,6 302,3 365,3 
568: 565,8 225,0 928,0 9,7 625,6 285,4 244,1 205,2 808,5 210,2 478,5 129,9 606,7 971,1 60,3 145,4 191,8 242,5 634,8 469,8 474,5 147,8 430,9 
569: 461,3 891,5 721,0 355,1 
570: 348,7 845,2 313,4 632,2 777,4 592,2 540,3 75,8 887,3 
571: 522,7 965,3 392,3 
572: 461,0 848,8 482,0 717,7 633,6 770,7 214,4 399,2 871,6 983,9 
573: 828,2 703,8 543,4 172,2 865,9 179,9 577,1 97,9 260,0 60,1 420,7 458,8 967,5 882,0 263,1 96,8 199,3 417,7 272,6 718,7 952,3 765,8 614,6 
574: 388,5 396,6 497,8 674,9 914,7 919,7 569,5 845,5 984,5 
575: 134,6 933,9 112,1 113,8 983,8 379,5 957,8 363,2 264,7 344,0 604,3 553,5 
576: 151,2 331,6 423,5 827,3 621,9 959,4 41,7 244,0 865,2 752,4 733,4 716,4 930,9 554,1 
577: 730,5 798,1 997,9 
578: 961,5 390,7 455,9 652,7 225,1 656,8 874,6 372,0 923,7 574,2 905,8 227,2 
579: 141,9 712,8 605,4 850,3 685,0 689,9 571,1 267,2 657,4 942,8 0,4 295,3 393,8 884,9 795,5 193,5 766,1 
580: 71,3 624,5 964,0 743,8 283,8 483,6 136,7 247,5 488,3 888,3 894,1 182,3 
581: 351,9 476,5 780,5 757,5 745,5 111,4 988,0 251,0 500,3 639,7 534,2 168,0 
582: 323,8 48,1 66,1 108,0 163,8 574,8 286,4 331,8 400,2 937,5 
583: 26,0 274,8 226,7 312,7 475,7 548,7 894,9 225,4 730,8 236,6 480,3 288,9 
584: 655,1 843,6 325,4 66,4 848,5 278,7 579,2 823,8 959,7 435,3 199,5 580,4 347,4 109,9 555,5 797,2 381,9 724,8 957,2 836,4 508,9 269,9 328,6 520,0 151,6 76,3 326,8 246,9 975,3 642,9 0,0 521,6 921,2 267,9 
585: 173,4 670,6 
586: 108,2 58,6 
587: 22,3 176,3 453,7 653,9 666,3 482,7 753,8 251,9 252,5 664,9 314,3 209,9 827,0 244,2 964,5 739,4 983,3 812,2 455,0 151,5 733,5 494,3 843,9 758,2 426,3 169,3 863,6 175,8 609,1 
588: 949,2 617,6 754,9 519,5 277,7 943,1 
589: 803,3 169,9 322,7 500,9 734,6 441,5 771,8 187,0 519,1 26,8 217,7 38,8 17,6 186,7 77,7 605,5 723,7 350,4 977,2 431,6 909,3 427,6 564,0 434,0 482,3 490,8 
590: 502,7 234,6 67,6 176,4 287,6 755,6 548,3 741,4 958,2 
591: 805,8 628,1 158,4 707,8 774,4 51,6 465,8 
592: 716,3 112,6 974,5 650,6 709,6 863,6 440,5 926,0 491,1 412,5 671,5 815,8 562,5 7,7 376,1 483,2 162,3 166,9 917,4 661,9 
593: 257,9 928,4 
594: 47,4 376,5 914,4 
595: 507,3 743,0 686,6 
596: 130,5 376,1 923,0 414,3 706,0 24,3 
597: 642,1 330,2 
598: 178,8 811,5 963,9 368,3 770,0 950,0 643,0 44,5 726,9 843,3 
599: 388,3 51,0 154,5 470,4 663,9 771,3 858,5 159,5 325,9 281,1 
600: 399,9 263,2 774,3 502,0 992,6 968,5 529,5 128,3 253,7 440,2 624,5 395,1 287,0 387,0 120,1 271,0 95,0 544,6 659,7 221,5 793,6 
601: 520,1 552,0 356,3 326,6 650,9 792,3 760,8 176,4 785,5 293,7 295,3 206,8 91,0 663,2 774,6 905,9 124,9 571,5 953,4 152,5 
602: 543,6 754,5 872,9 15,8 29,6 874,1 101,5 225,6 229,4 672,7 651,8 27,6 982,0 425,2 683,5 
603: 66,7 492,1 971,0 732,4 350,6 598,7 
604: 455,9 451,3 
605: 65,9 516,1 
606: 107,3 452,9 74,9 611,3 874,6 376,4 607,4 804,6 521,9 491,8 945,9 697,4 34,1 140,6 660,4 636,9 898,4 216,4 43,0 41,7 489,7 285,5 109,9 659,6 671,6 73,1 650,9 414,3 7,1 105,0 
607: 118,4 42,5 64,7 792,1 666,2 575,7 629,5 649,6 
608: 314,1 503,6 522,0 458,3 
609: 385,0 340,2 742,8 723,8 715,1 585,4 718,0 252,7 64,3 79,3 345,0 850,9 386,7 203,1 868,2 156,1 978,7 486,7 546,7 586,3 747,3 869,8 102,1 606,9 738,1 992,0 684,2 565,2 256,5 337,5 824,5 
610: 625,0 887,7 
611: 929,6 915,3 0,3 
612: 
613: 154,5 83,3 620,4 896,3 15,8 701,1 
614: 903,0 222,6 460,0 313,1 749,4 999,7 
615: 583,6 469,4 570,8 320,4 977,6 199,2 770,4 965,9 156,3 582,5 825,0 
616: 860,4 65,4 443,2 738,8 
617: 482,0 67,9 66,2 276,3 967,5 692,3 553,9 602,3 185,7 
618: 
619: 995,2 836,5 336,0 
620: 374,2 836,6 591,1 667,0 755,9 9,5 199,3 668,5 109,2 560,8 879,1 67,6 884,7 192,4 515,3 587,5 935,0 
621: 588,8 832,9 447,9 413,1 962,2 255,5 689,7 
622: 361,2 641,9 990,8 616,7 421,1 416,7 589,2 823,9 
623: 491,6 118,4 109,2 750,1 
624: 587,0 374,1 240,7 707,3 940,9 296,6 769,3 982,1 309,3 701,9 728,6 765,8 803,2 947,2 910,8 597,9 926,7 
625: 272,5 591,8 889,4 150,7 512,0 412,4 650,6 273,6 915,5 501,8 711,6 828,1 332,7 529,3 
626: 271,6 417,8 826,8 176,1 
627: 704,4 905,1 528,2 652,4 882,4 363,8 347,5 63,7 860,6 
628: 122,3 
629: 253,6 265,4 638,2 597,1 116,2 
630: 651,1 803,3 
631: 434,4 153,1 430,3 887,1 181,5 237,0 658,6 951,5 592,6 650,7 837,5 204,6 531,5 296,4 363,8 225,9 4,0 288,6 384,7 455,0 328,1 860,9 314,4 721,1 818,5 48,1 371,5 112,7 155,6 238,9 534,1 544,8 74,5 808,7 879,1 454,2 
632: 401,9 678,2 
633: 719,5 737,9 341,1 685,1 
634: 634,5 118,3 122,0 412,0 85,7 376,6 840,2 
635: 929,8 572,3 760,0 87,0 649,6 499,0 126,4 957,4 739,3 131,4 282,3 905,8 41,9 25,9 117,8 148,8 752,3 867,8 234,0 404,4 705,5 625,9 14,1 568,8 706,4 394,8 652,6 920,8 402,9 120,0 464,5 909,3 845,4 958,5 985,0 
636: 656,9 782,3 
637: 
638: 589,1 966,0 71,6 
639: 393,3 9,6 373,9 42,2 487,3 466,4 645,0 43,6 1,7 453,5 686,1 7,8 
640: 801,9 839,2 840,0 
641: 16,6 470,6 584,4 552,4 641,0 11,1 644,5 118,7 250,5 809,5 336,7 430,0 26,5 161,3 270,3 88,4 229,5 661,8 847,2 701,1 317,6 853,0 776,6 935,7 27,2 279,6 818,8 257,7 533,9 
642: 220,2 223,3 753,4 702,4 755,7 50,4 854,2 
643: 390,4 588,4 981,0 792,9 
644: 669,3 773,4 
645: 386,8 
646: 476,1 607,9 861,4 357,1 250,3 851,4 25,4 
647: 854,5 
648: 742,9 
649: 160,2 567,5 556,9 89,9 742,5 
650: 263,7 286,3 82,7 
651: 716,3 405,1 912,5 192,3 20,1 403,0 956,0 456,5 626,0 522,6 34,9 808,2 865,1 918,2 102,0 528,3 
652: 36,7 583,5 474,3 2,6 209,8 911,5 181,0 937,0 
653: 150,5 614,5 624,8 940,5 5,9 626,7 
654: 264,9 886,5 252,0 324,0 
655: 755,0 346,4 564,5 406,4 802,2 497,5 861,4 730,5 577,1 756,9 34,7 
656: 726,2 
657: 857,2 
658: 913,9 11,9 378,3 946,6 726,2 286,0 10,3 
659: 193,1 
660: 68,6 309,3 398,7 38,2 4,9 151,4 133,5 671,7 281,9 709,8 411,2 602,8 459,3 612,7 976,2 465,0 728,6 207,5 320,9 23,7 399,0 471,5 661,8 278,2 
661: 
662: 757,2 758,9 768,9 63,1 283,5 85,3 398,7 425,3 836,2 
663: 425,7 182,9 781,6 260,5 593,2 540,6 675,8 823,1 473,3 
664: 825,9 214,0 947,5 339,7 410,1 891,7 510,2 835,8 855,2 479,6 273,0 18,0 122,6 656,0 515,9 805,2 31,2 55,7 111,7 482,9 734,3 625,7 858,5 680,6 
665: 346,4 
666: 708,1 390,0 60,7 423,5 717,3 219,7 545,5 279,4 866,1 
667: 798,7 220,1 510,7 867,0 901,9 88,9 87,2 559,9 838,4 147,0 464,4 
668: 45,0 281,1 144,1 195,7 
669: 627,9 168,1 136,7 576,4 927,3 934,8 993,6 599,9 398,0 495,0 709,8 425,2 971,0 447,7 615,9 363,0 771,0 121,9 183,6 
670: 923,5 
671: 666,2 817,7 440,3 387,9 963,6 605,6 
672: 280,2 302,0 402,7 299,2 482,5 111,7 600,5 664,1 377,9 689,0 851,3 965,6 267,9 419,5 885,0 
673: 189,8 787,9 164,8 675,0 368,4 438,0 840,2 157,8 
674: 551,2 887,1 961,1 549,2 153,5 391,4 710,5 14,4 113,1 670,6 339,4 10,2 394,7 653,3 137,6 875,1 951,9 960,2 171,7 119,1 390,2 600,0 168,5 
675: 297,2 913,4 85,7 19,8 223,6 145,6 625,4 51,5 547,3 24,3 366,2 83,8 95,4 752,0 3,9 694,3 378,5 65,2 627,4 879,9 993,5 688,8 519,1 148,1 760,4 12,4 131,7 
676: 166,0 195,3 334,5 640,7 543,4 23,4 401,0 35,1 382,9 497,2 984,5 170,1 796,5 457,8 967,8 898,6 231,6 
677: 
678: 807,8 42,0 62,1 87,7 187,9 66,8 343,1 554,7 494,2 320,7 664,6 663,3 982,3 323,8 143,6 59,8 751,0 971,5 966,9 359,5 67,6 697,1 437,6 626,0 788,6 975,0 48,8 183,0 427,1 41,3 139,2 619,9 12,0 864,3 342,6 872,2 746,3 223,2 689,4 763,2 793,9 381,5 983,1 440,4 324,4 396,0 
679: 778,5 315,0 313,5 461,7 139,1 245,4 316,3 306,8 557,1 454,8 646,0 141,7 758,2 187,6 318,7 812,1 89,9 915,7 101,3 579,5 383,9 505,2 694,8 158,7 504,1 759,4 522,4 724,6 36,0 163,4 352,6 561,1 344,1 959,7 
680: 924,1 400,1 727,0 414,2 966,5 233,0 538,1 969,6 800,5 109,5 123,3 284,9 401,0 682,2 540,1 794,5 808,6 617,0 564,9 298,7 362,3 
681: 
682: 141,3 572,8 333,2 36,1 447,8 515,7 487,9 145,8 265,9 705,2 820,8 984,0 490,7 155,5 
683: 965,8 
684: 506,4 
685: 52,2 158,0 697,5 369,8 190,8 
686: 938,0 599,8 732,1 61,3 307,9 818,1 870,3 717,3 794,0 
687: 40,4 323,1 590,8 
688: 
689: 958,4 531,9 247,6 980,4 157,6 871,4 134,9 293,4 
690: 
691: 575,4 762,0 905,4 976,4 839,6 985,8 129,2 
692: 
693: 
694: 746,4 
695: 99,4 485,3 333,4 679,3 172,0 242,8 257,8 218,2 943,0 228,7 932,9 
696: 574,4 85,3 451,5 205,8 453,1 681,0 830,2 2,5 145,8 518,4 425,1 482,9 280,3 
697: 60,9 607,7 
698: 
699: 748,1 105,9 200,2 690,4 442,6 327,5 
700: 245,3 85,7 624,7 951,4 209,2 518,8 318,4 834,1 441,4 524,5 
701: 449,7 364,8 362,9 571,3 
702: 464,1 447,9 740,1 949,8 49,4 915,6 450,8 728,0 404,5 377,4 951,1 638,1 903,0 832,5 48,2 72,5 15,3 636,1 249,3 789,3 349,5 366,1 791,2 84,3 218,0 523,3 870,9 113,3 299,3 611,9 882,7 100,1 441,1 873,8 
703: 58,8 759,5 109,8 
704: 328,7 407,9 751,5 682,1 120,3 709,3 201,6 763,9 848,9 897,6 337,3 484,7 277,5 464,5 81,5 576,1 134,4 612,1 945,4 202,8 54,4 677,3 190,0 801,4 224,0 331,9 456,8 286,1 884,6 832,8 665,5 
705: 324,9 886,7 439,3 
706: 931,5 46,9 334,2 370,8 693,8 300,6 655,0 928,1 496,9 993,4 312,0 719,9 902,3 273,1 
707: 209,9 255,8 534,5 486,8 862,4 207,2 879,2 942,2 555,3 606,4 
708: 741,8 879,3 
709: 
710: 820,2 452,9 639,0 356,5 530,2 923,6 251,2 65,9 297,4 714,5 467,1 265,3 225,2 278,9 282,7 61,4 126,5 325,5 256,3 266,6 324,5 421,6 
711: 991,3 257,8 597,5 180,6 
712: 191,7 66,1 
713: 113,5 558,0 307,4 695,2 251,7 497,2 732,4 267,4 504,5 296,9 805,4 779,2 
714: 589,3 489,3 886,4 
715: 975,8 237,6 520,9 294,2 894,3 843,9 78,9 132,9 127,4 194,7 738,6 304,8 611,2 621,2 234,2 544,3 
716: 633,6 527,1 659,0 
717: 29,1 807,0 404,7 663,6 415,8 
718: 972,8 85,3 901,5 776,8 59,9 578,2 44,0 857,4 437,0 678,2 353,3 247,2 629,0 866,9 749,9 405,8 604,6 225,3 74,9 
719: 1,5 
720: 288,4 907,6 798,4 752,8 923,5 627,1 678,1 878,6 42,7 753,2 482,1 43,4 546,6 
721: 599,2 868,6 580,2 476,2 497,1 
722: 420,8 769,7 172,0 669,1 255,7 221,6 542,5 
723: 
724: 512,5 82,4 609,4 363,9 817,7 
725: 811,5 742,3 219,8 346,3 717,9 85,7 180,4 65,2 889,4 949,4 30,3 42,1 739,0 265,8 656,1 741,8 397,9 137,1 22,5 404,7 203,4 423,8 422,2 703,2 910,5 
726: 77,3 166,2 380,7 435,7 894,5 966,7 432,0 500,2 646,3 864,9 120,1 440,7 438,3 444,8 365,5 44,4 959,9 28,0 581,2 665,0 303,7 872,5 641,7 913,4 183,6 776,8 382,8 765,0 320,6 2,1 536,3 411,7 52,4 
727: 362,7 897,3 890,2 427,5 801,6 234,9 792,2 
728: 982,2 142,5 531,4 440,2 770,5 129,0 429,2 858,2 439,8 968,7 984,3 617,7 728,4 430,3 568,5 616,4 285,9 356,4 70,4 
729: 
730: 79,2 804,0 175,5 499,6 
731: 609,4 487,4 472,5 499,8 409,5 
732: 812,3 760,2 791,2 552,8 18,5 951,6 605,8 190,3 491,3 913,9 495,9 797,3 834,5 342,1 864,7 
733: 
734: 
735: 618,0 292,2 221,1 501,6 609,7 93,1 621,1 18,1 697,5 696,8 363,7 646,0 420,8 220,7 572,1 657,0 
736: 447,9 915,5 495,4 457,1 399,1 107,8 136,6 
737: 920,3 52,9 397,4 
738: 
739: 625,5 674,7 504,6 654,4 
740: 603,6 953,5 972,2 228,8 40,0 565,4 762,6 574,0 806,1 313,1 355,5 427,2 210,7 930,3 979,0 610,4 328,9 273,7 970,6 92,7 335,9 854,4 913,1 553,2 941,1 430,6 453,1 436,3 985,0 
741: 18,8 853,7 465,4 999,1 786,4 808,4 947,2 667,0 946,1 698,7 143,5 504,8 
742: 693,5 925,8 63,3 617,1 733,4 228,9 761,2 
743: 748,7 27,7 
744: 387,2 
745: 67,2 901,9 893,6 900,2 
746: 283,4 252,7 656,4 
747: 78,4 773,8 296,3 35,7 231,8 655,0 752,2 176,1 905,4 288,6 360,5 
748: 791,9 598,3 445,4 309,5 665,4 413,1 80,0 805,7 741,9 948,0 749,1 972,3 420,7 434,5 417,8 51,6 
749: 
750: 472,9 788,9 553,6 977,7 453,9 459,2 934,3 554,3 
751: 674,9 228,4 777,0 
752: 934,3 143,5 496,1 7,1 
753: 42,4 332,1 470,9 703,3 837,7 191,5 549,0 933,5 56,3 727,9 821,7 66,8 410,5 445,0 688,0 890,4 175,4 323,2 745,1 412,1 181,3 439,6 914,1 30,5 139,1 506,0 413,7 22,8 282,7 201,5 485,3 662,1 3,5 79,4 242,7 407,2 575,6 251,5 319,2 687,7 842,9 710,2 892,1 55,9 562,8 738,7 474,8 718,4 866,3 604,1 422,8 824,4 850,4 241,6 487,8 490,0 274,2 491,9 739,2 775,0 990,3 365,2 
754: 507,0 208,4 625,3 916,1 561,0 697,8 982,3 953,1 682,6 755,7 14,2 191,3 745,2 700,5 142,0 724,7 616,7 889,4 389,4 
755: 689,7 
756: 31,6 929,6 744,6 191,3 398,6 490,4 640,8 846,5 320,9 347,9 546,3 888,4 2,8 
757: 299,0 745,8 643,3 490,8 743,0 396,8 
758: 462,1 269,9 349,1 489,7 252,1 258,1 460,4 960,6 705,6 917,8 473,3 509,1 100,2 113,3 463,8 345,4 835,5 
759: 796,6 881,2 471,0 496,0 656,9 505,7 781,4 257,0 305,8 306,7 256,0 576,6 135,3 171,3 850,4 37,9 719,9 742,0 
760: 461,1 324,9 925,8 19,1 147,1 557,7 643,1 70,3 452,2 219,8 
761: 739,7 788,1 905,2 558,6 62,2 886,8 63,8 453,0 698,8 44,5 718,6 881,2 496,7 
762: 292,8 526,0 884,6 955,2 979,2 504,9 352,6 743,4 441,4 
763: 365,4 
764: 276,0 884,4 224,4 
765: 436,4 421,9 635,3 751,9 381,5 849,9 263,6 960,4 775,3 487,3 379,9 933,3 554,2 774,4 461,6 885,6 14,4 839,0 115,2 337,1 437,6 610,9 507,9 742,4 
766: 
767: 650,0 235,4 35,2 75,6 872,5 720,8 910,4 295,5 774,7 978,4 154,2 85,9 270,0 858,2 5,2 226,9 
768: 856,0 223,1 928,9 81,3 
769: 314,2 835,7 
770: 
771: 928,4 425,5 126,2 201,0 864,6 510,7 
772: 669,3 677,2 333,8 74,3 
773: 6,9 650,8 673,6 374,3 58,5 926,3 560,5 682,4 752,7 236,3 983,6 199,8 4,0 442,4 78,2 283,3 789,0 649,1 224,4 285,3 806,9 12,1 919,6 44,9 
774: 136,5 899,1 
775: 657,7 58,3 677,1 913,6 477,8 827,7 575,6 428,4 963,4 268,4 
776: 425,4 283,3 991,5 254,2 63,7 235,2 133,9 244,1 818,4 512,6 862,6 
777: 970,7 
778: 198,8 865,3 177,7 356,7 124,8 238,8 913,3 82,3 391,5 523,9 52,3 
779: 45,2 284,9 894,0 51,5 768,2 748,2 960,2 321,3 159,9 197,4 807,4 880,6 403,9 12,5 613,6 
780: 539,4 51,8 39,8 834,1 920,8 147,3 588,0 442,4 27,1 825,8 543,6 660,5 611,6 719,3 981,1 384,2 
781: 653,8 140,4 609,0 921,7 665,1 749,4 926,8 487,1 545,7 722,3 105,2 656,5 948,7 585,0 934,0 719,8 
782: 725,6 78,7 733,1 8,1 493,5 87,2 14,1 828,3 799,5 838,5 
783: 361,7 986,0 745,9 789,3 568,5 866,8 956,8 974,0 477,7 155,7 203,5 206,4 926,7 558,0 290,2 759,0 374,0 882,1 769,8 416,0 240,1 384,6 297,2 492,1 689,4 629,0 583,3 63,2 692,9 216,5 317,5 726,0 682,8 172,8 957,7 8,8 464,5 481,4 867,5 
784: 239,8 931,8 449,3 512,5 872,6 641,6 
785: 121,0 764,5 414,1 524,6 599,0 159,4 326,5 994,7 856,2 241,6 792,8 723,0 863,6 211,9 754,8 571,9 727,2 
786: 709,1 545,4 56,1 575,4 339,9 353,1 51,6 119,4 263,0 565,3 842,5 464,1 624,2 699,0 
787: 933,0 705,0 152,4 465,1 656,3 17,3 175,4 860,2 770,7 323,6 161,4 277,4 853,2 142,4 480,0 953,3 733,8 245,6 294,7 379,0 296,2 834,0 148,8 272,6 132,6 371,4 515,8 32,3 380,9 72,0 
788: 134,2 
789: 262,6 829,3 177,0 965,1 
790: 666,0 720,2 457,8 564,1 99,0 155,4 
791: 523,6 108,3 81,1 896,3 
792: 295,6 453,4 730,4 905,0 549,3 452,1 47,1 476,5 569,6 93,4 13,6 836,2 712,0 799,9 403,1 
793: 947,2 955,9 754,0 651,6 11,1 891,8 702,4 
794: 607,3 882,8 275,6 562,4 11,4 680,8 774,3 310,9 7,8 364,3 403,2 669,5 
795: 778,6 767,0 
796: 624,4 35,1 978,0 680,8 
797: 560,3 289,8 97,5 
798: 452,5 704,0 503,0 4,6 755,2 798,6 94,4 478,4 90,2 114,3 243,5 559,2 315,5 877,4 765,2 436,0 607,5 476,5 
799: 469,8 100,9 353,8 715,2 848,1 409,1 808,6 656,5 763,4 804,3 823,1 587,4 643,2 769,5 201,9 845,1 375,8 750,4 443,0 907,2 84,2 704,8 853,2 332,8 313,0 404,2 
800: 576,3 791,9 691,9 724,1 997,1 573,3 753,2 631,4 
801: 311,5 586,7 268,6 691,1 441,2 955,0 
802: 76,2 396,2 82,3 239,2 394,0 144,6 681,2 774,4 189,4 
803: 24,5 476,2 236,0 602,4 762,0 509,5 798,1 94,3 544,4 905,7 727,6 590,9 808,6 
804: 190,9 528,5 177,1 645,5 792,3 906,5 82,0 470,6 495,1 
805: 331,0 483,7 977,1 734,7 257,4 301,5 447,5 802,7 985,9 290,8 591,8 294,7 2,8 765,3 413,0 498,3 612,7 414,2 
806: 889,1 755,9 339,0 342,9 709,2 372,1 391,6 10,7 
807: 
808: 179,6 601,1 30,6 253,3 811,1 368,1 458,9 991,8 49,9 499,9 591,3 827,9 370,6 658,2 
809: 404,0 78,3 192,2 915,0 451,7 62,2 872,1 249,9 460,9 
810: 583,9 802,8 78,7 281,2 439,9 771,9 882,1 693,6 426,5 854,3 35,8 438,2 
811: 247,2 124,2 831,3 430,4 
812: 138,2 564,6 853,1 
813: 341,4 569,3 108,2 618,1 156,6 418,6 894,6 236,4 174,2 195,6 506,0 53,9 759,4 897,8 940,4 450,3 524,7 985,5 335,9 642,7 256,8 290,9 784,2 327,1 
814: 407,1 16,9 
815: 182,5 138,8 204,3 171,2 467,1 705,6 44,0 340,1 840,1 690,7 87,4 803,1 
816: 384,0 849,3 426,7 41,6 246,9 822,9 977,3 
817: 567,7 734,1 89,6 859,8 66,9 105,8 642,5 616,6 147,3 250,1 817,0 372,8 162,6 267,7 472,9 841,8 
818: 
819: 203,3 760,3 878,3 896,6 906,5 674,1 916,7 512,6 93,9 85,0 746,5 967,6 742,2 234,4 730,4 115,2 676,8 420,6 398,8 141,4 885,8 274,1 644,7 
820: 995,7 665,9 507,6 581,7 900,5 
821: 63,7 379,9 520,2 577,6 594,6 727,6 528,5 
822: 0,0 302,7 159,5 708,9 34,3 611,2 464,1 317,1 400,1 737,3 830,2 984,4 779,2 905,5 
823: 672,8 
824: 554,5 342,1 126,6 888,7 364,4 338,5 977,2 761,1 471,0 753,5 30,6 702,4 742,6 
825: 299,4 
826: 158,3 476,4 801,4 616,8 962,5 612,7 170,9 356,1 
827: 249,3 488,5 167,8 401,3 349,8 522,2 584,7 173,9 684,5 283,7 291,9 635,3 680,4 723,1 725,4 871,2 17,3 569,0 247,5 882,0 530,6 413,1 846,4 412,7 851,4 336,0 661,7 843,1 407,1 790,8 248,7 161,1 
828: 614,8 13,2 846,2 603,3 246,3 275,5 339,8 417,6 974,1 5,6 
829: 306,9 904,4 
830: 847,3 295,7 532,4 252,9 260,2 549,1 539,2 890,0 690,8 
831: 180,8 27,1 575,7 885,7 674,0 
832: 46,4 487,2 743,4 630,1 674,3 72,4 179,7 403,2 19,0 515,6 911,2 
833: 589,2 527,1 264,7 834,9 90,5 
834: 734,4 244,0 229,6 841,5 144,0 958,8 754,0 350,3 208,3 629,6 773,7 4,9 400,1 572,3 61,6 916,2 394,1 604,5 961,3 941,9 868,3 
835: 410,9 728,9 141,5 
836: 395,0 967,0 122,5 433,9 285,0 618,8 682,7 465,0 282,5 380,6 602,3 691,8 438,6 632,2 467,1 493,4 89,6 657,8 331,5 937,5 451,2 494,7 982,4 811,5 692,8 993,7 573,4 772,6 107,3 495,2 931,1 810,6 294,3 829,8 143,8 323,3 919,8 768,6 887,9 903,4 52,5 816,4 436,6 590,5 0,7 820,5 340,2 466,6 786,5 837,4 421,5 905,6 369,7 965,2 317,4 544,6 
837: 27,5 550,3 486,0 817,7 134,8 224,0 794,8 117,3 690,1 336,7 591,8 
838: 885,4 
839: 80,9 746,2 587,6 740,2 727,1 977,3 359,6 599,6 426,3 451,3 857,4 262,1 556,2 840,3 742,5 933,4 214,9 431,8 156,5 225,9 224,2 269,7 672,0 734,5 291,9 122,0 489,5 928,7 471,3 43,3 783,1 319,4 546,3 839,4 414,8 787,4 877,5 57,3 412,4 95,9 838,9 694,8 953,7 354,6 77,4 146,0 865,9 257,7 
840: 
841: 
842: 243,7 981,9 276,9 64,2 242,3 666,3 
843: 77,7 350,5 357,0 494,0 448,2 801,7 320,8 839,3 558,2 321,4 654,5 
844: 279,1 831,7 
845: 515,0 339,1 745,7 873,1 92,0 496,8 49,6 182,2 429,3 267,9 971,3 156,2 404,9 225,4 418,2 
846: 744,5 236,1 55,4 796,0 201,0 711,9 554,5 359,0 691,3 153,4 127,7 152,1 165,3 124,6 343,8 515,3 369,0 690,8 200,6 933,6 84,9 382,0 92,2 243,6 271,5 644,6 
847: 577,5 584,1 893,5 638,1 262,9 410,1 535,7 279,1 
848: 398,7 372,2 
849: 214,1 808,7 897,8 
850: 303,3 58,9 282,0 843,8 466,7 159,2 930,7 204,0 
851: 347,6 548,1 146,7 461,0 961,2 744,9 143,4 82,2 495,6 305,9 448,1 58,7 154,0 192,7 577,8 517,2 111,1 497,6 270,4 
852: 734,7 826,2 248,3 787,1 675,0 877,1 
853: 
854: 541,8 105,5 168,9 341,7 741,7 650,3 599,7 294,6 862,3 804,3 532,9 191,2 12,6 124,0 740,7 6,5 784,5 
855: 92,0 428,2 873,3 876,5 761,4 238,3 626,7 64,5 877,5 169,9 984,4 69,7 
856: 169,4 825,1 834,7 135,9 636,4 943,7 976,3 143,2 841,4 171,1 294,6 508,3 988,4 362,5 528,4 196,8 202,6 665,9 287,7 784,9 947,3 701,8 705,4 284,5 127,8 303,1 386,8 996,1 325,1 
857: 254,1 163,2 558,4 572,1 342,3 12,2 837,4 926,9 385,4 741,7 237,1 251,1 223,8 541,2 
858: 
859: 722,8 726,3 38,1 198,2 734,7 800,1 247,0 
860: 659,8 184,1 794,8 120,0 933,3 984,2 59,1 259,8 
861: 896,0 264,2 
862: 642,9 158,9 759,6 339,0 920,2 542,5 460,9 740,0 580,2 564,4 617,3 895,4 965,1 152,3 646,5 624,7 257,6 244,4 
863: 44,8 184,1 653,4 153,5 289,5 130,5 772,6 129,4 
864: 
865: 685,5 511,4 508,9 760,4 301,4 970,0 225,7 509,7 825,5 194,2 648,5 551,1 662,0 41,0 125,9 672,6 663,3 945,9 570,4 
866: 858,8 936,1 229,2 100,1 141,1 543,8 156,5 761,9 810,0 840,0 26,2 446,7 967,6 
867: 402,6 902,9 72,8 918,4 369,3 410,6 476,3 808,8 566,1 649,1 81,1 140,6 840,8 520,2 694,2 905,3 7,7 114,2 639,6 286,4 822,8 100,4 620,5 69,6 533,0 73,8 547,7 203,8 142,2 61,8 
868: 517,7 
869: 89,3 195,4 
870: 123,2 676,3 647,8 358,9 480,6 387,0 901,8 892,8 334,1 529,6 
871: 
872: 378,7 594,8 51,7 443,7 369,9 998,1 182,4 400,2 812,0 48,6 737,2 20,7 219,8 10,7 
873: 442,6 987,9 453,5 740,1 
874: 225,6 134,2 18,1 412,9 308,3 790,2 855,7 859,4 
875: 
876: 
877: 427,7 672,3 35,6 955,8 185,6 721,6 
878: 922,1 152,8 560,1 674,6 776,1 110,4 75,4 259,0 723,8 832,2 796,8 586,4 673,6 107,4 767,9 994,2 36,9 77,7 821,3 
879: 682,6 549,1 203,7 451,4 186,4 9,8 167,8 139,2 262,9 986,5 65,4 306,0 8,7 936,2 760,4 892,6 499,8 859,2 
880: 346,7 715,3 855,3 4,5 
881: 897,3 424,0 941,7 966,0 709,7 853,7 967,7 329,9 635,0 183,0 333,0 792,4 271,1 899,2 780,7 
882: 438,7 863,7 
883: 
884: 732,3 
885: 
886: 706,2 345,8 479,7 590,9 468,7 569,8 869,5 561,9 728,6 36,1 859,4 513,6 23,2 723,3 633,0 842,2 819,0 74,7 
887: 107,7 695,6 732,5 654,9 26,3 473,9 92,8 
888: 108,6 
889: 40,8 653,3 330,6 
890: 80,7 402,4 68,5 371,7 885,3 
891: 306,0 29,8 237,3 307,0 811,5 347,0 652,8 646,5 915,1 
892: 656,9 957,8 996,8 758,7 944,2 115,6 661,5 113,1 765,9 860,5 355,4 696,5 690,5 807,6 
893: 697,9 710,6 342,4 753,1 62,1 
894: 460,8 622,8 457,5 146,3 569,7 840,7 
895: 744,0 795,4 116,8 488,1 723,4 743,2 121,4 458,2 568,1 339,8 581,7 820,3 727,2 884,1 670,6 100,2 203,2 576,3 660,7 679,3 632,3 290,0 169,4 707,1 410,8 
896: 854,3 
897: 81,2 657,6 746,8 945,3 618,9 430,5 761,2 120,1 582,1 
898: 45,9 
899: 882,6 414,3 26,2 991,3 585,4 902,5 71,1 96,2 691,4 35,3 182,7 218,2 984,4 871,0 
900: 47,4 650,1 200,0 38,9 362,3 423,2 719,2 201,3 554,4 336,0 877,9 188,8 297,1 407,8 753,6 876,9 897,9 292,4 193,8 433,6 461,1 576,0 978,0 528,0 
901: 197,6 302,4 
902: 
903: 406,5 750,8 658,1 907,8 603,4 510,8 887,3 137,6 12,4 18,3 202,1 679,1 394,5 908,3 472,6 787,0 9,2 798,0 969,9 250,3 782,7 304,2 5,0 
904: 109,8 
905: 763,0 904,5 
906: 475,1 865,7 856,6 354,3 65,5 204,5 754,6 849,3 560,6 667,2 850,0 869,6 357,1 853,5 954,1 
907: 84,5 927,3 128,8 978,9 
908: 451,7 592,0 551,1 941,9 220,2 851,0 326,6 635,8 361,1 813,8 224,7 92,3 
909: 228,1 750,4 287,0 127,8 748,9 919,2 975,2 176,7 31,0 84,2 299,2 761,3 
910: 789,6 889,6 541,0 613,9 529,5 828,1 
911: 344,5 
912: 2,9 560,2 552,9 550,9 727,6 920,4 670,0 991,2 26,2 957,4 285,4 748,1 329,1 265,3 279,4 797,4 597,6 86,1 784,0 450,3 938,0 223,7 691,5 121,4 774,9 
913: 762,6 
914: 352,0 450,7 478,7 828,6 
915: 723,0 676,0 606,8 417,0 847,4 229,8 478,9 669,9 52,7 1,6 406,7 665,4 17,4 
916: 
917: 761,7 35,3 784,1 681,5 474,3 814,7 635,8 779,6 308,5 768,8 191,9 765,0 736,2 187,7 335,2 
918: 42,5 562,4 906,4 870,1 
919: 922,9 329,1 444,9 655,3 393,6 343,7 458,9 12,6 86,0 860,3 547,6 136,8 533,2 286,1 78,3 18,1 391,1 654,6 977,7 44,5 312,1 69,9 50,8 121,2 262,8 500,6 953,7 277,1 969,4 767,5 853,0 107,1 531,9 839,0 200,2 665,4 422,0 586,1 704,5 
920: 230,8 817,1 152,7 
921: 394,1 740,0 902,3 717,9 479,4 612,3 122,7 341,7 812,4 572,5 292,0 970,8 524,7 
922: 587,8 494,6 899,4 592,3 
923: 398,7 623,0 183,2 215,8 545,1 840,7 186,6 247,3 686,5 996,7 85,5 502,7 891,3 811,6 273,4 843,4 
924: 547,2 339,9 196,5 882,0 4,6 686,1 906,9 149,4 522,2 666,5 156,6 
925: 23,9 640,4 601,3 709,0 796,2 822,6 834,9 487,2 810,7 977,5 995,0 985,3 590,6 824,4 987,3 436,6 582,8 76,8 403,9 852,2 904,3 926,2 523,7 117,6 152,8 772,9 842,9 771,9 737,2 254,7 482,5 491,6 761,7 161,9 991,7 376,7 749,0 147,0 588,5 305,7 891,5 100,8 186,9 872,2 267,1 414,5 828,5 402,2 457,6 121,1 321,5 242,1 760,0 778,5 149,7 949,0 159,8 354,7 970,8 151,8 638,6 510,0 838,6 235,9 587,6 226,0 821,4 
926: 657,3 402,6 
927: 
928: 131,2 215,4 188,0 382,1 566,7 713,2 895,2 116,9 35,8 195,3 307,4 303,4 906,5 502,0 765,2 426,8 50,2 847,8 239,9 351,1 951,1 452,1 653,3 118,1 948,3 807,9 381,2 
929: 
930: 340,0 757,1 508,8 910,6 680,3 146,2 387,6 470,4 210,8 203,4 864,5 894,1 356,3 88,4 624,0 584,6 868,0 793,7 767,9 318,9 958,6 605,4 280,7 222,5 497,1 658,7 278,3 
931: 359,3 408,3 858,4 227,5 795,9 199,6 350,3 90,3 974,5 212,9 445,9 
932: 24,5 802,3 174,8 443,0 231,9 234,1 321,9 785,9 
933: 598,4 889,9 715,9 
934: 901,3 136,9 386,4 731,8 895,5 181,3 209,5 41,0 399,3 447,4 345,7 94,7 534,6 185,6 578,0 982,9 818,6 319,2 18,1 530,3 916,0 359,4 922,7 140,2 252,4 569,6 639,3 109,2 477,0 505,7 888,2 27,9 398,7 952,3 978,1 826,2 62,0 834,3 302,0 467,3 924,6 78,5 772,8 967,9 968,6 611,9 
935: 401,1 523,8 982,6 443,8 925,6 839,3 82,2 226,7 141,9 975,5 225,8 941,4 520,8 555,9 991,9 64,3 983,1 
936: 872,3 21,6 456,0 
937: 763,6 
938: 642,7 517,2 194,8 422,5 524,1 482,4 690,8 739,7 654,0 423,4 629,5 607,9 79,7 324,3 72,9 990,0 223,0 453,2 234,8 953,2 600,6 357,6 52,0 844,7 724,2 547,6 605,1 317,6 685,7 153,3 127,4 176,5 248,2 563,6 148,8 708,8 555,8 4,6 211,3 686,1 349,2 742,0 384,1 406,2 485,4 448,6 768,3 457,0 147,7 
939: 750,5 992,3 60,4 64,4 250,3 894,8 792,7 364,4 770,1 140,9 136,3 706,4 97,0 291,1 
940: 613,2 537,4 843,8 444,0 597,8 893,3 
941: 415,7 468,8 632,4 211,7 879,9 472,2 626,2 753,9 255,1 16,2 817,5 563,6 46,9 91,5 523,1 390,1 641,6 959,7 520,6 638,2 237,3 662,3 581,1 718,7 875,4 391,7 896,6 433,7 986,2 642,0 888,1 897,7 590,6 104,0 558,7 759,3 
942: 214,8 857,8 20,5 840,7 854,2 883,8 369,4 39,2 579,3 641,1 113,0 550,5 396,5 851,3 367,5 958,2 494,0 890,5 627,4 725,4 737,3 28,4 319,1 222,2 137,8 784,1 789,6 132,1 438,2 123,7 125,9 397,6 691,7 146,1 610,6 141,1 26,2 759,1 486,6 278,3 639,9 444,0 
943: 257,0 300,7 718,4 680,3 534,2 90,0 256,5 251,5 507,9 981,9 538,3 316,4 110,4 831,4 978,3 
944: 140,9 501,3 392,6 16,9 488,0 308,1 722,9 230,9 340,6 333,3 833,3 
945: 424,0 984,7 144,5 914,6 126,5 125,9 869,5 441,2 627,1 591,5 
946: 970,2 976,6 991,8 913,9 495,1 101,5 338,2 
947: 911,5 919,6 484,5 491,0 72,5 239,3 
948: 16,0 922,9 88,9 343,8 471,3 543,9 790,5 782,1 416,6 598,9 189,1 529,4 687,4 844,0 837,4 176,8 500,8 546,4 
949: 538,6 963,2 348,2 67,3 434,7 
950: 477,3 284,4 328,7 242,5 822,0 345,1 834,9 205,7 539,5 123,3 577,1 584,0 865,2 526,4 991,4 
951: 961,8 136,1 287,6 730,6 
952: 246,2 416,9 954,0 296,3 580,0 286,7 62,1 548,7 366,4 801,5 689,2 88,1 149,3 592,1 861,9 865,4 583,6 719,7 249,1 269,5 362,7 558,5 910,8 564,9 851,6 201,9 
953: 663,7 
954: 254,9 910,5 836,0 686,9 
955: 42,9 247,3 648,8 219,1 926,1 775,0 407,4 15,5 180,2 400,3 
956: 901,7 542,1 942,4 500,0 
957: 68,9 600,8 925,4 553,7 771,9 
958: 
959: 907,9 515,8 354,8 93,7 708,5 992,5 481,0 
960: 830,2 96,3 83,5 
961: 31,8 381,1 224,4 
962: 92,6 774,6 74,5 14,9 458,5 392,2 773,2 86,1 859,0 381,0 157,4 
963: 92,3 443,8 645,5 253,3 318,4 458,4 
964: 187,6 607,2 827,6 206,2 109,9 298,5 427,5 222,3 403,3 
965: 534,6 
966: 740,3 
967: 
968: 35,4 223,8 650,3 54,5 181,7 230,9 238,9 703,1 293,0 731,0 62,8 386,4 403,1 464,0 525,2 90,8 642,3 436,0 402,2 55,2 191,0 
969: 585,5 195,1 843,8 423,3 908,0 56,1 841,4 977,2 692,0 322,6 513,1 434,0 876,8 972,1 
970: 
971: 41,4 124,2 395,9 537,1 223,0 564,9 668,1 851,9 907,0 201,7 122,7 810,9 146,8 205,2 153,0 444,0 38,4 279,9 476,2 75,8 642,0 745,9 890,5 229,5 46,6 15,6 202,7 
972: 979,8 104,1 900,3 584,7 
973: 873,1 325,4 679,8 
974: 982,1 182,9 486,4 98,2 12,7 429,9 793,8 652,8 865,3 794,8 130,9 548,6 106,1 591,8 748,0 827,2 920,2 372,8 645,3 864,9 999,7 46,0 525,8 933,8 168,4 394,1 162,8 375,4 750,1 96,8 544,2 389,3 338,2 312,3 303,2 847,2 369,5 
975: 518,7 797,2 38,2 49,1 188,7 4,1 502,2 750,4 776,7 138,3 730,5 817,2 890,4 880,6 166,6 889,6 
976: 259,1 
977: 517,2 5,9 823,0 697,7 89,1 
978: 238,1 790,7 907,9 127,9 261,7 569,6 243,3 975,3 476,9 528,9 56,8 765,8 803,5 972,7 356,7 156,1 189,2 211,4 366,0 646,7 332,4 491,0 479,6 948,0 695,2 112,1 497,8 424,6 232,7 35,2 
979: 289,4 580,7 
980: 471,4 109,6 120,7 97,1 538,7 622,0 632,9 970,1 651,5 
981: 969,9 756,4 433,3 430,6 
982: 175,2 90,6 1,6 231,5 546,7 592,0 659,1 849,1 388,3 355,2 929,8 479,3 575,6 840,1 756,4 368,8 870,1 542,8 415,7 704,6 366,7 340,5 874,5 285,2 484,8 24,4 872,9 916,9 554,7 741,2 758,7 148,8 770,0 873,7 650,1 159,5 345,1 920,7 162,3 91,9 155,3 772,3 691,9 
983: 
984: 962,7 
985: 269,3 690,7 274,1 755,9 212,5 914,7 458,8 125,3 
986: 893,8 534,7 
987: 93,1 865,3 74,7 660,7 295,7 132,6 274,6 363,5 411,9 273,5 874,9 181,6 
988: 653,3 
989: 105,4 991,4 356,1 970,0 366,4 623,5 669,0 557,1 908,7 928,8 794,8 182,1 843,3 382,8 
990: 
991: 570,1 600,9 490,7 
992: 894,0 
993: 878,5 460,2 358,1 915,3 78,1 544,1 548,3 132,3 652,0 238,2 205,4 535,9 889,0 905,3 209,5 722,0 
994: 514,9 998,4 547,5 650,4 275,6 34,4 
995: 930,8 970,1 544,4 718,0 587,5 721,4 268,2 950,9 82,4 134,7 206,5 720,6 444,0 64,2 605,4 240,7 844,7 
996: 716,5 
997: 742,8 503,9 841,6 820,0 634,8 
998: 51,0 
999: 79,6 

A shortest path in the maze
Path Length: 15
Path Cost: 5
Path: 0 476 834 754 507 292 212 430 63 91 181 75 531 126 741 999
real 0.21
user 0.71
sys 0.03
