A graph representing a maze
0: 0,79 5,21 6,95 8,23 7,2 3,33 2,53 9,95 4,29 1,45 
1: 2,4 4,47 7,22 1,90 9,54 0,42 6,60 8,48 3,26 5,55 
2: 1,27 5,54 8,21 9,63 4,76 7,51 3,54 2,96 6,92 0,35 
3: 6,38 2,82 7,82 9,10 1,71 4,91 5,32 0,63 3,16 8,25 
4: 1,7 6,52 7,40 0,84 8,6 9,97 
5: 7,79 9,47 0,91 
6: 2,62 3,52 9,6 0,14 1,87 7,68 8,15 4,88 5,98 6,36 
7: 7,84 
8: 4,13 8,28 
9: 2,33 4,67 3,62 5,80 8,92 6,14 9,16 0,14 1,13 7,61 

A shortest path in the maze
Path Length: 2
Path Cost: 43
Path: 0 3 9
real 0.05
user 0.07
sys 0.00
