0: 70,0 112,4 193,3 296,3 315,5 373,5 418,2 470,9 501,5 614,9 696,5 708,8 807,2 843,1 949,4 992,3
1: 54,7 122,3 154,0 463,1 476,7 635,3 796,5 847,9 926,2 927,5 960,1 992,8
2: 17,0 165,5 170,9 543,1 777,8 907,5 949,8 980,8
3: 390,6
4:
5:
6: 279,7 330,4 476,0 496,2 580,7 736,6 961,2
7: 27,9 560,1 769,7
8: 562,2 710,4 925,8
9: 6,9 87,9 136,8 252,7 284,9 368,0 488,6 715,2 908,8 994,3
10: 8,2 122,0 145,0 223,7 316,4 513,2 563,1 569,3 580,4 743,9 829,1 921,3 939,6
11:
12: 315,0 412,9 744,8 777,8 979,3
13: 782,7
14: 361,7 398,0 483,9
15: 455,1 459,9 753,3 980,5
16:
17: 203,3 679,4 705,0 847,9 945,7 985,1
18: 576,3
19: 260,0 398,1 804,7 935,2
20: 88,5
21: 374,7 376,4 431,7
22: 222,9 524,4 899,4
23:
24: 579,7
25: 132,3 385,9 523,1 545,2 628,0 659,0 774,5 816,6 894,4
26: 42,7 558,4
27: 260,5 277,0 285,8 518,8 719,3 843,6 962,8
28: 17,8 56,4 173,0 212,4 223,8 257,0 323,8 387,7 425,7 498,3 570,7 601,3 684,6 687,7 725,5 732,4 816,9 831,6 835,5 907,9 931,1 951,8 957,0
29:
30:
31:
32: 34,6 956,5
33: 272,6
34: 622,9
35: 355,7 432,2 689,4
36: 238,8 286,0 594,5 705,3 822,6 899,2 967,6 998,5
37: 97,3 266,6 444,9 518,0 804,0
38:
39:
40:
41:
42: 588,6
43: 12,6 306,1
44: 230,2 496,0 786,3
45: 50,8 152,9 409,9 595,9 740,1
46:
47: 38,1 366,3 888,5
48: 127,5 590,0 956,3
49: 357,4 767,5
50: 394,6 588,5
51: 35,4 343,6 500,0 517,3 753,8
52: 563,9
53: 259,1 556,5 622,9 726,8
54: 909,7
55: 148,5 360,7 491,2
56: 104,0 277,1 286,2 341,5 393,3 434,7 534,2 566,1 637,9 639,8 672,4
57: 26,6 50,2 329,9 936,4
58: 251,0 359,5 439,1 711,3 780,1 857,1
59:
60: 59,3 176,2 181,4 203,1 250,9 251,7 266,0 285,3 517,2 527,8 604,1 906,2
61: 107,8 150,7 189,0 365,4 634,8
62: 164,7 212,8 318,7 378,7 447,2 494,8 567,7 568,6 621,8 644,8 658,1 685,8 720,8 765,2 881,6 882,2 974,5 988,7 997,2
63: 432,3
64:
65: 41,3 244,4 415,5 469,6 518,7 698,3 796,4 905,1
66:
67: 16,9
68: 6,3 107,8 424,1 464,0 540,0 752,2
69: 343,8 491,2
70: 100,0 446,9 493,8 910,6
71: 314,6
72:
73: 30,2 217,5 580,9 725,0
74: 47,9
75:
76: 365,4 506,9 752,6
77: 54,9 59,1 72,5 118,2 136,8 157,9 182,9 207,8 212,3 218,2 271,4 328,7 366,5 414,4 430,3 559,4 572,4 892,6 927,1 946,4
78: 453,5 889,9
79: 89,1 979,6
80:
81:
82: 146,4 329,0 564,5 695,8 844,0
83:
84: 199,5 200,0 896,0
85: 188,0 236,6 436,5 509,8 523,8 551,5 562,9 631,7 698,1 734,2 787,3 788,1 794,8 812,3 824,2 850,9 956,6 988,6
86: 289,5 301,8 477,0 514,4 661,8 725,3 927,4
87: 313,9 443,9 447,4 614,9 732,6 810,9 817,8 879,5
88: 755,1
89:
90: 36,5 170,9 367,5 400,8 601,3 664,2 677,2 840,1
91: 5,0 53,9 389,7 436,2 576,8 605,2 685,8 845,3 882,8
92: 631,6 946,6
93: 125,2 257,0 400,5 498,2 510,4 560,1 888,3
94: 291,4 411,1 586,2 802,0 813,6
95: 304,9
96: 621,1 669,3
97: 12,4 13,8 135,9 292,6 433,8 540,0 589,7 634,9 713,4
98: 53,9 642,6 707,2
99:
100:
101:
102: 130,6 954,1
103: 883,6 971,3
104: 19,8 120,4 240,0 477,3 697,2 750,5 822,8
105: 123,2 294,8 345,4 460,2 472,0 636,1 873,9
106: 26,6 86,9 97,9 124,7 131,6 179,8 296,0 299,2 332,5 519,3 561,1 581,3 582,5 587,1 613,2 619,1 695,3 726,5 786,2 789,3 792,8 824,3 847,3 968,8 969,4
107: 26,5
108: 839,8
109: 126,7 154,0 189,1 248,0 280,2 430,4 535,1 621,4 665,4 970,3
110: 244,0 398,0 525,7
111: 645,9 772,9 943,5 998,7
112: 21,0 92,2 156,0 159,9 413,3 462,1 673,3 801,5 864,4
113: 147,0 283,7 610,2 656,7 809,4
114: 198,5 227,5 457,1 592,5
115: 116,2 165,5 339,7 549,1 950,9 953,8
116: 62,6 88,9 720,5 863,1 916,8 945,2 963,9
117: 857,8 926,8 933,2
118: 4,8 71,3 124,6 376,9 584,5 665,8 757,1 763,5 792,5 793,3
119: 31,8 40,2 93,1 220,5 234,8 364,2 418,6 425,8 463,1 601,5 612,9 684,4 758,2 819,3
120: 338,7 356,8 391,9 392,2 572,5
121: 155,4 957,1
122: 134,5 321,2 376,3
123: 275,1 337,4 891,2
124: 394,0
125: 479,0 559,0 634,6
126: 140,1 258,4 347,1 350,1 754,4 931,6
127: 234,8 512,0 630,9 652,6 770,4
128: 471,8
129: 466,8 851,4 961,0 974,3
130: 277,2 614,4
131: 94,5 128,1 277,7 309,4 330,3 575,1 576,2 607,9 729,4 744,6 783,7 851,7
132: 223,1 541,5
133:
134:
135: 374,6
136: 6,8 576,9 723,9 735,6
137: 770,1 841,5
138: 15,5
139: 74,2
140: 244,2 509,6 581,4
141: 221,0 240,8
142: 57,5
143: 287,2
144: 62,2 226,6 645,2
145: 264,3 488,9 709,1 896,1
146:
147: 210,4 772,7 923,0
148: 138,2 142,2 423,2 720,9 807,5
149: 414,1 890,0
150: 960,7
151: 332,2 444,6
152:
153: 138,7 384,5 618,2 754,4 970,4
154: 387,2
155: 431,4 763,8
156: 324,0 372,8
157:
158: 623,0 914,2 928,5 979,4
159: 24,1 139,9 350,8 592,5 605,9 699,5
160: 178,4 234,7 316,5 513,9 554,5 624,8
161:
162: 493,5 882,0
163:
164: 312,6 493,2 688,5 980,3
165:
166:
167: 164,0 604,5 610,3 858,4
168: 37,1 57,7 255,5 273,6 314,7 393,9 441,3 651,7 705,2 883,5 914,0 924,0
169: 202,1 263,6 479,4 653,9 888,4 920,7
170: 926,9
171:
172: 64,6 84,3 93,4 718,0 816,8 827,1 909,0
173: 61,7 85,0 96,0 162,3 616,3 680,3 779,7 863,3
174:
175: 466,1 481,5
176: 392,2
177: 389,7 450,4 582,4 797,9
178:
179: 299,3 308,2 517,6 607,1 789,7
180:
181: 359,0 425,4 623,7
182: 639,5
183: 292,2 952,4
184:
185: 60,6 282,2 307,3 316,1 419,6 425,0
186:
187: 73,3 116,2 167,3 210,8 212,2 248,3 263,5 616,7 671,6 759,7 811,5 910,4
188: 12,8 32,0 171,7 264,2 375,0 648,5 800,3 822,0 923,2
189:
190: 291,6
191:
192:
193: 24,5 74,3 146,1 280,4 490,4 522,8 722,4 769,1 818,6
194: 558,7 567,9 641,4 935,4
195:
196: 403,0
197: 322,5 443,8 517,3 800,7
198: 35,7 103,5 298,8 363,4 415,9 429,0 514,3 546,6 625,6 629,0 647,9 769,8 783,2 859,1 865,7 971,9
199: 26,9 27,3 481,7 795,2
200:
201: 76,9 180,0 197,3 212,8 308,2 433,0 439,2 444,2 455,4 471,7 593,8 601,2 602,6 664,7 728,2 760,7 777,5 780,0 826,6 976,5
202: 607,2
203:
204: 122,6 224,8 411,3 535,4 617,4 932,8
205: 36,1 103,1 327,1 404,4 416,9 447,4 517,7 527,2 564,2 784,1
206: 380,2 463,8 576,3 707,3 859,1 980,9
207: 304,6
208: 187,8 476,4 752,9 840,6
209:
210:
211: 868,2
212: 784,4
213: 36,8 73,3 185,7 387,5
214: 370,9 589,2
215:
216:
217: 845,4
218:
219:
220: 292,9 718,3
221: 483,2
222: 33,9
223: 431,0 543,1
224: 249,4 446,8 524,6
225: 290,0 357,0 556,7 773,2 954,1
226: 15,3
227: 766,9
228: 59,5 228,2 535,7
229: 773,8 898,3
230: 54,3 215,4 411,8 468,2 593,2 650,2 782,1 844,7 861,4 886,0 901,5 986,4
231: 311,9 526,3
232:
233:
234: 545,5 600,1 779,7 793,3
235: 345,3
236: 415,5
237: 87,8 105,6 653,0 786,4 863,2 935,5
238:
239: 286,0 430,0 730,7 733,9 803,7 920,6 941,6 968,7
240: 185,6 199,3
241:
242:
243: 3,3 6,9 57,0 654,0 751,4 759,9 765,7 770,8 839,2 921,4 972,0
244: 123,7 767,3
245:
246: 164,4
247:
248: 2,0 273,7 375,2 502,1 663,5 849,9
249: 233,6
250: 544,8 709,4
251: 4,7 235,3 473,7 544,2 737,7
252: 115,6 205,5 418,1 721,1 739,4 749,7 830,8
253: 57,0 272,2 489,3
254: 804,0
255: 342,0 407,5 770,2 907,1
256: 676,5 781,4
257: 28,2 236,2 496,9 653,8 746,9 847,9 931,6
258: 426,1 844,8
259: 32,8 43,7 303,5 328,0 339,2 387,3 559,6 603,4 658,3 695,4 708,6 723,0 745,4 750,4 769,6 774,6 814,5 952,0 978,9
260: 8,6 51,3 221,7 320,1 517,5 540,7 712,2 717,7 759,2 916,8 966,1 976,6
261: 984,7
262: 0,7 18,3 323,7 346,6 555,0 628,0 650,8 788,0 924,7
263: 317,5 392,7
264: 143,9 323,2 374,5 662,5 733,0 793,9 807,0
265: 198,7 391,7 396,9 620,7 766,6 873,1 887,6 956,9
266:
267: 467,0 543,7 577,6 685,5 806,0 966,0
268: 136,3 389,6 511,4 945,6
269: 406,3 614,0 618,6 784,8 895,4
270: 354,8
271:
272: 135,7 387,9 998,1
273: 1,5 25,9 197,0 215,1 595,0 620,3 981,0
274: 12,2 313,9 510,1 618,4
275:
276: 64,8
277:
278: 532,0 787,3
279:
280: 5,8 59,8 760,0
281: 126,7 196,7 334,3 472,8 682,9 688,1 829,8 918,1
282:
283: 191,0 656,8
284:
285: 191,3 231,6 358,4 628,7
286: 4,6 229,4 234,5 342,9 356,7 636,6 714,2 772,9 818,2 925,4
287: 40,0 115,6 274,8 478,0 627,1 770,2 855,2 983,7
288:
289: 275,2
290: 397,3 890,1
291: 314,9 364,4 534,9 551,0 571,8 584,1 698,6 725,9 738,6 967,0 976,4
292: 99,7
293: 132,2 294,1 637,2 794,6 982,9
294: 42,8 276,4 317,0 348,9 517,4
295: 275,7 952,8
296: 132,3 541,0 926,3
297:
298: 683,8
299: 228,4 648,7 684,4 914,7 953,5
300: 308,8 849,0
301:
302: 35,6 71,4
303: 249,8
304: 2,7 151,8
305: 216,6
306: 132,2 907,1
307: 779,6
308:
309:
310: 2,0 154,5 200,1 230,6 449,2 515,1 546,2 638,9 687,1 889,8 981,8
311:
312:
313: 56,8 161,4 429,7
314: 629,1 990,2
315: 190,6 357,8 487,5 513,0 538,5 755,6
316:
317:
318: 171,5 495,0 514,7
319: 366,3 853,0 960,8
320: 446,5 964,6
321: 168,9 289,8 866,4 877,5
322: 92,4 991,1
323: 217,8 497,3 542,0 582,3 747,1 887,7
324: 955,3
325: 946,0
326: 201,2 422,9 458,5 490,5 666,7 741,6 891,1 936,6
327: 185,8
328: 130,8
329: 402,6
330:
331: 354,8 506,3 794,0 859,9
332: 7,2 489,0 569,7 772,1 921,5
333: 244,2 344,0
334: 258,1 268,7 341,2 945,3
335: 10,1 28,3 77,8 78,2 174,4 487,2 511,5 687,1 788,3 808,0 916,5
336: 241,1 715,6
337: 358,2
338: 362,8
339: 907,8
340: 48,5 243,8 729,5
341: 32,0 92,6 155,3 177,7 411,8 492,0 544,7 591,0 594,5 674,8 820,5 824,2 868,2 913,4 949,7
342: 559,6 731,3
343: 25,5 221,8 257,5 264,1 436,2 443,0 617,1 745,6 995,8
344: 554,6
345: 421,0
346: 109,0 318,7 375,7 664,3 703,6
347: 6,5 47,6 76,9 968,2 973,1
348: 465,4
349:
350: 859,8
351: 67,5 603,7
352:
353: 130,1 312,4 597,4 656,7 695,4 702,2 796,5 846,4
354: 37,9 188,3 694,8 741,2
355: 94,8 278,3 547,8
356: 38,4 421,2
357: 40,8 188,0 503,4
358: 55,8 778,5 851,7
359: 221,2 229,8 240,8 443,5 518,5 668,2 832,0 890,9 898,8 977,0
360: 184,4
361: 87,5 163,6 195,1 252,7 433,3 553,8 631,9 827,7
362:
363: 76,6 225,9 377,9 519,0 731,6 792,4 936,5 945,0
364: 174,7 751,7 891,2
365: 475,3
366:
367: 491,1 575,7
368: 337,9 902,4
369:
370:
371: 150,5 253,4 976,7
372:
373: 946,9
374: 271,7
375: 185,2 439,8 496,1 524,4
376: 200,6 206,3 491,9
377: 84,7 151,0 218,8 736,0
378: 50,8 199,4 532,8 812,2
379:
380:
381:
382:
383: 210,7
384:
385: 23,4 311,9
386: 145,2 245,5 325,4 507,1 572,3 687,3 859,3
387: 272,2 368,6 437,5 577,2
388: 495,1 527,3 672,2 870,9 901,4 944,2 945,7
389: 765,0
390: 13,1 112,6 665,5 714,2
391: 298,8 656,9 872,1 927,6 978,0
392: 878,7
393: 150,9 424,5
394:
395:
396:
397: 496,2 760,5 885,3
398: 16,0 140,4 231,1 406,7 425,4 493,8 632,8 643,0 646,9 791,6 938,9 956,6 959,0 983,9
399:
400: 124,5 241,5 243,8 244,6 292,1
401: 42,6 374,7 428,4 850,8
402: 635,1 799,7
403: 22,2 64,1 77,8 132,2 215,0 613,2 632,3 676,4 696,3 700,1 844,7
404: 717,1
405: 349,6 924,6
406: 348,7
407:
408:
409: 632,1
410: 437,3 653,3
411:
412: 1,1 277,9 522,4 626,6 688,2
413: 87,3 103,2 189,1 205,4 302,9 579,8 727,1 815,4 909,1 949,6
414:
415: 918,3
416: 109,5
417: 445,6 514,7 650,1 860,8 911,2
418: 713,9 919,9 962,3
419: 54,3 78,9 459,8 474,0 883,6
420: 137,4 151,2 491,0 540,6
421: 117,4 214,4 704,5 855,4 860,9 948,0
422: 371,8 858,3
423: 623,4 674,4 939,0
424: 189,2 515,7 649,4
425: 374,7
426: 509,2
427: 607,4
428:
429: 73,2 88,4 110,1 116,7 166,7 293,0 406,4 497,3 588,0 680,5 768,6 794,1 851,6 952,1
430: 216,7 248,4
431: 129,6 544,5
432: 5,1 505,8 701,2 819,3 836,1 841,7 996,3
433:
434: 389,1 516,2 836,0 853,7 892,7
435: 93,8
436: 35,9 380,6 467,3 529,9 533,5
437:
438:
439: 30,3 53,4 100,2 237,4 318,9 357,3 610,2 830,3 834,2 846,8 861,3 912,5
440: 124,6 289,5 415,2 443,7 464,3 502,1
441: 936,1
442: 114,6 120,4 171,3 200,8 294,6 358,3 412,3 531,4 619,6 646,3 768,7 781,1
443: 336,0
444: 265,4
445: 848,4
446: 258,0
447: 5,6
448: 23,0 465,4 666,0
449: 130,1 924,1
450: 244,0 509,8 986,7
451: 320,9 396,2 785,4 837,3 922,8
452: 358,5
453: 34,8 56,9 218,2 345,4 351,6 483,9 499,9 633,5 684,7 806,4 817,6
454:
455: 523,0 853,7
456: 1,1
457:
458:
459: 296,7
460:
461:
462: 566,0
463: 76,5
464: 426,0 439,4 446,5
465:
466: 220,8 273,3 437,0 624,6 646,9 786,1 871,9
467: 588,5 672,7 715,4
468: 389,9
469: 233,9 842,9
470: 586,5 717,5 940,4
471:
472: 646,1
473: 151,3 246,5
474: 34,2 35,9 323,8 965,4 974,5
475: 123,8 285,6 460,3 684,0 697,6
476: 245,8 808,5 884,0 914,1
477: 795,1
478: 245,8 302,8 692,1 956,7
479: 5,9 376,5 599,0 781,1
480: 72,4 219,0 501,3 820,9
481: 48,4 228,3 549,0 574,0 628,3 653,2 747,4 756,0 804,9
482: 126,5 234,6 439,5 552,3 572,0 635,6 667,0 982,2
483: 37,7 399,0 523,5 649,3 971,2
484: 31,1 215,6 571,6 769,1 971,0
485: 165,4 373,0 457,5 545,1 870,2
486: 45,0 73,7 920,2 943,1 984,7
487: 145,2 278,1 535,0 551,2 652,6 653,2 727,0 808,4 881,1
488: 385,0
489:
490:
491: 25,9 49,3 133,4 170,8 267,5 300,4 311,2 322,0 443,0 490,6 492,6 493,6 505,2 508,1 535,7 540,3 599,6 644,8 645,3 705,0 739,8 747,5 865,4
492:
493: 214,3 995,8
494: 878,8
495: 163,6 606,8
496: 189,2 261,5 348,6 352,1 443,7 667,8 811,4 953,2 955,2 958,9
497: 42,4
498: 65,8 118,7 250,1 874,3
499: 23,3 75,1 122,0 386,6 462,7 504,3 754,6 812,3
500:
501: 174,8 723,6
502: 71,2 77,8 99,9 433,7
503: 142,6 311,4 312,7 327,3 399,1 418,1 455,9 639,4 731,5 797,1 798,6 831,7 857,6 875,6 908,4 946,8
504: 75,3 326,0 466,0 520,0 550,8 581,7 647,6 724,9 733,5 739,0 750,0 940,9
505: 104,3 371,6 761,2 828,4
506: 8,9 667,7
507:
508:
509: 150,2 326,4 329,2
510: 690,4
511: 62,0 233,5 261,3 273,5 564,7 582,8
512: 9,6 323,3 458,5 515,3
513:
514: 548,4 857,7 906,0
515: 741,4
516: 784,8 917,5
517:
518:
519:
520: 431,2
521: 571,7
522: 757,7
523: 395,7
524: 113,3
525: 48,6 282,1 355,8 371,7 977,2
526: 112,1 355,2
527: 187,9 431,5 540,8 593,7 996,4
528: 276,7
529:
530: 231,9 411,1 767,6
531: 306,0 688,4 875,5 900,8
532:
533:
534: 272,3 391,1 577,4 860,9
535: 341,4 413,2 538,7 554,6 720,2 764,0 850,1 972,2
536: 352,4 841,1
537: 915,1
538: 499,8
539: 578,1 902,3
540: 18,4 211,8 470,0 884,5 915,2 950,1
541: 24,6 73,3 214,6 258,7 321,4 343,3 384,4 394,0 606,8 680,0 824,0 837,7 873,3
542:
543: 231,6 308,7 397,7 422,4 540,4 824,9 939,3
544:
545:
546: 139,0 367,9 629,5 965,8
547: 467,3
548: 890,8
549: 850,4
550: 40,4 266,9 353,2 389,0 573,7 584,4 670,1 723,4
551:
552: 507,8
553: 215,1 746,5
554: 101,6 708,1
555: 148,2 317,4 809,3 830,7
556:
557:
558: 161,9 175,2 774,9
559: 121,3 789,2
560: 196,1
561: 99,8
562: 246,1 324,4 450,3 626,8
563: 118,6 997,3
564: 229,4 280,1 341,7 425,6 493,8
565:
566:
567: 398,4 400,1 472,6 868,2
568: 881,3
569: 260,3 430,1 554,5 671,5 781,4 881,6
570: 32,9
571: 807,0
572:
573: 510,2 729,5
574: 55,8 262,4 452,1 658,3 771,3 792,6 866,7 877,5
575:
576: 168,1 263,4 400,7 414,8
577: 103,8 177,4 268,6 326,9 460,7
578: 117,8 454,5 721,7
579: 359,7 682,5 764,8 827,6 930,4
580: 39,7 203,9 292,6 439,6
581:
582: 57,5 148,3 235,4 651,9 677,6 867,2
583: 899,2
584: 423,2
585: 184,9 565,3 569,0 709,9 819,4 825,9
586: 214,4 483,5 679,4
587: 54,8
588:
589: 383,5 387,8 564,9 851,8 948,8
590: 602,2
591:
592: 56,8 264,0 310,5 396,0 435,3 784,0 805,4
593:
594: 92,7 137,5 178,7 295,1 633,9
595: 107,6 354,9
596: 773,6
597: 437,0 626,3
598: 24,3 39,2 214,4 629,7 744,1
599: 104,4 706,1 868,4
600: 50,2 156,8 341,9 581,1 617,9 649,5 964,8
601: 19,9
602:
603: 33,9 57,1 228,6 770,0 982,0
604: 94,6 496,8
605:
606: 5,4 924,6 955,7
607: 77,7 272,2 290,2 681,6 700,8 909,4
608: 102,2 141,5 151,9 180,9 187,5 203,6 243,8 377,0 402,1 459,9 685,3 897,0
609: 173,2 276,9
610: 58,5 122,8 255,7 297,2 356,8 409,9 556,0 700,9 729,1 867,0 884,7
611: 79,3 121,7 174,7 186,9 392,4 530,5 670,2 742,9 786,5
612: 33,3
613: 24,2 180,7 207,6 271,7 314,2 532,8 627,1 824,3
614:
615: 29,9
616: 780,5
617: 59,1 435,5 569,4 671,6 851,5 946,5 967,4
618:
619:
620: 306,3
621: 611,5
622:
623: 256,8 553,0 742,4 778,5 871,0
624: 48,5 168,8 601,5 617,0 694,7 715,9 824,2 924,6 952,1
625: 113,3 241,2 251,6 527,2 546,4 594,1 633,3
626: 26,4 108,6 207,5 222,1 241,2 283,6 689,5 810,1 830,2
627: 234,9 343,5 966,9 993,5
628: 966,6
629: 206,4 420,7 437,8
630: 67,6 88,8 146,8 226,6 342,6 418,4 436,4 440,1 564,4 569,6 571,1 578,5 642,8 680,6 761,9 877,9 896,6 970,3 998,5
631: 132,8 361,2
632: 225,0 751,5 835,5 843,6 902,2 993,6
633: 241,1 275,0 969,5
634: 830,5
635: 30,0 40,8 60,6 85,9 133,8 578,5 704,7 897,7
636:
637:
638: 206,0 348,5 474,6
639: 308,7 339,0
640:
641:
642: 125,5 628,7 688,5
643: 272,6 380,0
644: 910,4
645: 501,5 787,4
646: 612,6 653,1 984,8
647: 458,6
648:
649: 395,3
650:
651: 436,5 997,8
652: 119,3 342,6 509,0 967,0
653: 264,5 600,5 995,8
654: 842,7
655: 84,2 175,2 651,3 698,5
656: 442,1
657:
658: 899,2
659:
660:
661:
662: 282,2 294,4 366,5 369,8 419,6 594,0 634,3
663: 145,6 402,7 497,5 510,0 526,6 779,0
664: 114,3 126,5
665: 160,9 448,0
666:
667: 672,5 810,3
668: 44,7 113,4 241,2 719,8 833,3
669: 101,3 140,0 290,2 381,3 513,9 630,7 685,4 713,7 744,1
670:
671:
672: 544,1 683,6
673: 106,0
674: 27,6 244,9 654,7 743,6 924,3
675: 656,2
676:
677:
678: 172,2 584,4
679: 214,4 292,5 915,8
680:
681: 75,1 363,3 575,3 674,9 983,7
682: 161,7 447,0 471,4
683:
684:
685: 5,8 188,3 551,8 577,0 853,6 932,3 979,9
686:
687:
688: 52,6 72,7 145,3 221,8 472,2 537,6 801,9
689: 135,3 206,0 533,6
690: 7,9 34,1 393,6 457,5 465,7
691: 165,4 402,7
692: 605,2
693: 155,4 176,7 570,9 578,9 847,4
694:
695: 568,4
696:
697: 317,8 777,9 803,3
698: 3,0 302,4 514,2
699: 16,9 99,9 166,1 245,6 258,5 444,0 604,2 613,1
700: 38,4 611,5
701: 323,3 377,8 384,4 580,0 643,4 707,8 733,4
702: 557,7 930,4
703: 17,3 773,2
704: 755,3
705: 140,4
706:
707: 206,6 242,2 406,0 451,3 508,9 628,3 637,7 665,3 706,3 854,9 926,3 997,8
708: 273,9 608,6
709: 133,1 182,4 242,3 290,5 303,7 509,5 523,3 898,1 935,3 950,2
710: 451,3 553,2 857,0
711: 436,4 761,7
712: 158,5 188,2 603,8 684,0 882,8 948,9 969,5 981,7
713: 873,7
714: 259,4
715: 655,5
716: 938,0 983,0
717: 4,9 9,8 80,1 82,9 138,6 141,1 150,7 242,0 306,7 385,7 406,6 407,8 441,8 514,5 552,5 615,5 629,4 742,8 777,5 797,8 802,7 806,9 823,6 918,5 921,1 939,7 995,1
718: 24,4 113,9 315,1 383,5 418,5 569,4 663,3 824,5 839,7
719: 252,9
720:
721: 603,6 684,0
722: 446,8
723: 8,2
724: 38,1
725: 208,1 496,0 509,8 810,6 812,8 889,9
726:
727: 253,6 596,3 956,8
728: 183,8
729: 449,1 518,2 650,0 670,2 789,2 858,2 872,2
730: 458,0
731: 477,1
732: 41,9
733: 241,5 262,3 402,5 420,9 527,3 550,5 669,9 742,5 869,2
734: 314,4
735:
736: 324,3 751,2 776,2
737: 551,2 702,7 796,4
738:
739: 57,8 58,2 476,9 762,9 768,2 870,6 972,3
740: 71,3 571,2
741: 135,2
742:
743: 155,5 269,7
744:
745:
746: 156,8
747: 641,1 803,5
748: 38,9 145,3 346,1 393,4 658,1 963,6
749: 931,4
750: 66,7 521,0 984,8
751: 314,5 457,3 493,7 538,2 605,3 793,3 937,8 953,8 998,2
752: 54,1 79,8 272,0 392,4 539,7 580,5 611,4 617,7 621,3 668,3 710,0 773,9 872,2 883,5 885,3
753: 62,8 157,5 225,7 406,7 601,5 785,2 837,6
754: 166,3 572,2
755: 912,9
756: 169,4 642,8 844,7
757: 141,7
758: 195,4
759:
760: 439,8
761: 170,0 564,3 742,9
762:
763: 712,6
764: 994,7
765:
766: 202,1 224,4 771,2
767: 243,8 486,4
768: 373,5
769: 26,7 118,4 155,2 293,9 591,6 749,6 993,1
770: 400,8
771:
772:
773: 6,5 63,7 125,0 503,9 848,0
774: 883,5 935,9
775: 26,3 120,4 343,1 410,7 761,2
776: 210,0 278,2 745,5
777: 151,0 657,1 900,4
778:
779: 7,5 25,4 286,2 381,0 407,5 439,5 470,3 619,3 709,7 876,7 914,3 982,9
780: 49,6 165,4 172,9 467,7 584,5 645,4 669,2 687,1
781: 601,3
782: 747,3 843,0
783: 278,4 327,4 729,7
784: 390,5
785:
786: 614,6
787: 50,3 334,2
788: 384,5 424,9 482,2 618,9 688,6
789: 67,3 293,7 840,1 989,9
790: 905,2 907,0
791: 237,9 551,6 878,4
792: 238,4 400,9 479,3 896,7 925,2
793:
794: 187,4 685,1
795: 280,5 714,9 952,8
796: 44,2 387,5 635,6
797: 37,3 314,8 911,5
798: 16,0 32,3 144,9 422,2 510,9 747,8
799:
800: 33,6 44,4 77,4 144,5 145,5 329,7 464,7 628,9 827,4
801: 288,7 365,4
802: 312,5 358,9 390,8 401,7 534,3 553,7 733,2 899,9
803: 18,9 25,9 108,7 159,5 406,6 417,6 518,5 572,7 635,9 645,7 912,2 971,4
804: 296,7 526,0 656,5
805: 122,9 591,5
806:
807: 189,5 192,6 207,4 667,3
808: 73,9 158,7 454,6 632,5
809:
810: 180,3 261,2 277,3 312,1 435,0 464,2 534,8 555,4 581,5 668,1 792,4 901,4
811: 585,7
812: 55,1 407,7 783,9
813: 880,0
814: 7,3 389,2 409,3 736,6 944,2
815:
816: 18,0 73,3
817: 594,8 621,5 853,7
818: 114,9 818,7
819: 93,0 421,2 435,5 632,7 667,3
820:
821:
822:
823:
824:
825: 40,1 243,8 453,1 756,2 926,9
826: 334,8 468,5 663,6 913,5
827: 476,3 898,4
828: 490,4 690,9 697,6 820,8 833,6
829: 678,2
830: 185,8 196,4 316,4
831: 604,7 976,7
832: 229,8 360,2 423,8 532,2
833: 469,8 735,6 858,6 864,2
834: 2,7 105,0 147,7 235,1
835: 519,1 576,8 627,3 870,6 949,5
836: 681,9
837: 976,9
838: 718,2
839: 711,4
840: 279,4 650,4 828,2
841: 135,9 167,8
842: 110,0 172,9 182,1 391,6
843: 250,2 343,9 439,0 502,9 611,1 781,8 941,5
844: 15,0 58,8 212,0 234,2 710,1 790,3
845: 582,1 798,2
846: 97,8 730,1 819,8
847: 626,8
848:
849:
850: 257,8 432,2 715,9 727,8 812,7 981,4
851: 151,7 350,1 459,3 481,3
852: 869,6
853:
854:
855: 27,2 419,9 524,4 534,0 703,4
856: 9,0 70,7 182,5 291,4 420,7 544,3 659,1 954,6 995,3
857: 479,3 486,9 827,8
858: 9,4 108,2 202,7 256,4 321,8 467,0 726,0 801,3 818,3 893,7 980,2
859: 252,9 261,3 463,1 535,8 643,3 784,1
860: 227,5 444,0 488,8 694,4 802,6 951,1 975,5 978,5 980,0
861:
862: 24,2 732,8 768,5 964,7
863: 180,7 329,1 342,6 346,1 499,1 645,8 762,9
864: 525,0
865: 218,2 259,2 403,1 714,2 800,7 880,8 990,2
866: 106,8 179,8 873,4 893,3
867: 450,0 504,4 824,2 986,1
868: 36,4 49,0 72,4 78,6 177,4 180,7 414,6 469,4 483,1 563,5 646,6 753,0 782,1 841,2 979,7
869: 133,2 183,5 487,3 666,9 852,8
870: 490,9
871:
872: 116,4
873: 374,0 482,0 686,8 807,6 869,6 887,5
874: 142,9 632,8
875:
876:
877: 142,6 983,0
878: 376,9 827,4
879: 398,0 657,4
880:
881: 396,0 617,6 633,6 731,1 849,4 873,7
882: 43,2
883: 326,7 530,6 540,1
884: 53,1 141,8 187,7 334,6 430,9 579,1
885: 678,9
886:
887: 133,7 197,7 231,1 688,5 721,2 812,5
888: 74,3
889: 14,7 209,4 336,8 768,8 993,5
890: 413,9
891: 150,5 566,1 607,9 803,5
892:
893: 73,4 79,7 750,1 959,7
894: 266,8 727,0 923,8
895: 226,0 381,5
896: 216,9 346,0
897: 192,4 265,1
898: 74,4 808,6
899: 325,6 636,5 903,8
900: 177,2 232,1 245,8 334,4 393,6 470,8 471,4 502,0 715,0 720,2 741,0 757,9 772,7 834,3 896,7
901: 467,8 498,0 644,0
902: 98,5 621,1 698,7 769,6
903: 34,6 102,6 249,3 270,9 350,7 499,0 552,4 586,5 620,8 676,0 729,6 800,3 904,0 906,2 942,9
904: 43,7 101,7 124,9 324,4 403,7 497,5 500,2 595,2 621,5 975,1
905: 569,0
906: 296,2 600,2 717,2 972,3
907: 463,3
908: 288,1
909:
910:
911:
912:
913:
914: 151,6 879,1
915:
916: 379,8 703,2 737,5 779,4
917:
918:
919:
920: 458,3 919,2
921:
922: 294,7
923:
924: 375,9 591,9
925:
926:
927:
928:
929: 832,1
930: 22,3 564,0 584,9 645,6 656,8 703,2
931: 489,7 502,8 695,4 953,5
932: 250,5 276,3 366,0
933: 33,9 360,4 431,8 556,6 830,8 895,3
934:
935:
936:
937: 48,5 618,1 707,8 800,2 802,8
938: 751,8 785,2 801,2
939: 179,5 488,3 861,5
940: 202,4
941: 947,2
942:
943: 9,6
944:
945: 946,9
946:
947: 176,6 286,5 554,1 682,5 703,1 756,8
948: 267,8 348,2 522,8
949: 247,7
950: 390,3 656,0 934,9
951: 173,0 283,4 416,1 491,5 549,2 753,3 905,2
952: 186,5 202,3 622,4 677,1 803,8 837,8 848,7 943,3
953:
954: 597,2 671,1 775,1 796,6
955: 64,9 537,0 659,5 922,7
956: 56,1 140,9 301,8 538,0 999,8
957: 224,3 829,8
958:
959: 54,0 239,0 702,8 901,0
960:
961: 12,1 66,7 97,3 401,5 407,6 660,3 727,1 850,1 862,1 885,6 931,2
962: 174,1 924,9 937,3
963: 445,4 468,9
964: 450,5
965: 675,4
966:
967: 716,0
968: 42,9 110,1 378,2 442,7 449,9 512,4 523,6 594,3 691,0 782,0 927,7
969: 144,7 276,9 350,9 898,6 927,7 970,7
970:
971: 18,1 135,5 511,9 771,4 790,1
972: 713,3 978,6
973: 734,2
974: 2,5 173,7 566,7 667,7
975:
976:
977: 29,8 51,3 176,4 262,7 340,6 380,3 415,0 474,7 512,8 624,2 787,6 872,2 888,7
978: 280,7 371,1 376,5 405,5 416,5 456,6 493,8 609,5 629,0 633,0 683,0
979:
980: 191,3 286,2 334,2 594,3 769,9 995,5
981: 162,0 196,0 212,7 265,4 333,1 468,5 559,2 618,5 931,9 980,2
982:
983: 183,3 229,0 535,0 691,3 744,9 779,3 788,3 798,9 821,9
984: 616,0
985: 719,1
986: 815,9
987: 265,3
988: 266,2
989: 411,6
990: 157,6
991: 850,4
992: 6,3
993:
994:
995: 41,0 69,9 73,5 85,7 105,2 287,3 434,7 435,1 612,6 619,4 815,3 973,1
996:
997:
998:
999: 27,5 462,8
