A graph representing a maze
0: 1,45 18,42 92,3 49,4 96,45 8,48 73,45 70,29 14,29 71,40 97,23 15,5 43,21 12,4 7,2 93,33 
1: 54,17 76,7 63,21 96,15 60,11 26,42 35,23 55,20 22,13 27,25 92,48 47,9 
2: 7,15 65,15 17,0 49,8 77,18 80,38 43,41 70,39 
3: 90,16 
4: 
5: 
6: 79,47 80,7 30,34 61,32 96,2 76,40 36,6 
7: 69,47 27,29 60,41 
8: 10,14 62,12 25,48 
9: 8,28 15,2 88,16 6,49 84,49 87,29 36,38 52,47 68,30 94,13 
10: 29,11 80,14 39,16 63,11 45,30 22,0 8,42 23,17 13,12 43,29 69,33 16,14 21,13 
11: 
12: 15,40 44,48 79,23 77,28 12,29 
13: 82,17 
14: 61,7 98,20 83,9 
15: 55,41 80,5 59,29 53,33 
16: 
17: 5,30 79,44 45,7 47,29 3,13 85,31 
18: 76,43 
19: 98,21 60,10 35,32 4,17 
20: 88,25 
21: 76,44 31,37 74,7 
22: 22,39 99,44 24,4 
23: 
24: 79,37 
25: 74,15 94,14 85,9 16,46 32,23 23,21 28,40 45,42 59,0 
26: 42,7 58,34 
27: 77,40 18,28 43,36 60,5 19,13 62,38 85,38 
28: 26,15 58,40 7,9 16,39 23,38 87,27 32,44 17,18 31,31 73,40 1,3 12,4 84,16 33,26 25,37 24,8 56,24 88,27 35,45 98,43 51,8 70,37 57,10 
29: 
30: 
31: 
32: 56,45 34,6 
33: 72,16 
34: 22,29 
35: 55,37 89,44 32,2 
36: 22,36 94,35 67,26 38,8 99,32 5,43 86,40 98,5 
37: 97,3 18,20 44,49 4,10 66,36 
38: 
39: 
40: 
41: 
42: 88,6 
43: 12,36 6,41 
44: 30,32 86,33 96,20 
45: 50,8 52,9 40,31 9,49 95,49 
46: 
47: 66,43 38,11 88,25 
48: 90,10 27,5 56,3 
49: 67,45 57,44 
50: 94,6 88,45 
51: 53,38 17,13 35,44 43,36 0,30 
52: 63,39 
53: 59,41 26,28 56,45 22,39 
54: 9,47 
55: 60,27 91,12 48,25 
56: 93,3 35,27 39,8 41,35 4,10 66,41 77,41 37,19 72,14 34,42 86,2 
57: 26,36 36,44 50,2 29,49 
58: 80,31 39,21 11,33 51,40 59,25 57,21 
59: 
60: 85,13 59,13 4,31 27,38 66,10 51,27 76,2 17,42 6,32 50,29 3,31 81,34 
61: 34,18 89,0 50,47 65,4 7,28 
62: 78,27 74,25 18,37 68,6 65,32 67,37 82,32 85,48 88,7 94,38 64,27 21,18 47,12 44,8 20,48 58,1 97,12 12,28 81,26 
63: 32,13 
64: 
65: 15,25 5,11 98,33 41,43 44,44 18,27 69,26 96,14 
66: 
67: 16,39 
68: 64,30 52,22 6,13 7,48 24,31 40,30 
69: 91,42 43,28 
70: 46,9 0,0 10,46 93,8 
71: 14,36 
72: 
73: 25,0 17,45 30,22 80,39 
74: 47,49 
76: 6,49 65,4 52,16 
77: 72,24 59,24 36,38 14,34 54,29 46,4 28,27 57,29 7,18 30,23 66,15 18,22 19,32 82,39 60,1 92,16 27,11 71,24 12,3 73,5 
78: 53,5 89,49 
79: 89,1 79,36 
80: 
81: 
82: 64,35 29,20 46,14 44,40 95,18 
83: 
84: 0,40 96,10 99,15 
85: 34,42 51,45 56,16 24,22 50,19 31,37 89,21 62,39 88,46 94,28 36,6 23,18 9,38 37,35 90,0 12,23 87,3 98,31 
86: 1,28 14,4 25,13 77,0 89,25 27,34 61,28 
87: 13,49 47,44 14,29 17,48 32,6 10,19 79,45 43,29 
88: 55,11 
89: 
90: 36,35 0,8 40,1 67,45 64,32 70,29 77,42 1,13 
91: 5,2 36,32 53,29 89,47 85,48 6,10 45,13 76,8 82,48 
92: 46,26 31,26 
93: 0,45 10,24 57,20 98,32 60,41 25,2 88,23 
94: 86,32 2,10 91,34 13,46 11,31 
95: 4,29 
96: 69,13 21,1 
97: 34,39 33,38 40,20 14,38 89,27 35,29 13,14 92,36 12,24 
98: 53,9 7,2 42,36 
99: 

A shortest path in the maze
Path Length: 5
Path Cost: 82
Path: 0 93 25 85 36 99
real 0.09
user 0.17
sys 0.00
