0: 0,79 1,45 2,53 3,33 4,29 5,21 6,95 7,2 8,23 9,95
1: 0,42 1,90 2,4 3,26 4,47 5,55 6,60 7,22 8,48 9,54
2: 0,35 1,27 2,96 3,54 4,76 5,54 6,92 7,51 8,21 9,63
3: 0,63 1,71 2,82 3,16 4,91 5,32 6,38 7,82 8,25 9,10
4: 0,84 1,7 2,27 3,69 4,60 5,73 6,52 7,40 8,6 9,97
5: 0,30 1,49 2,80 3,47 4,51 5,52 6,88 7,79 8,55 9,16
6: 0,8 1,45 2,80 3,39 4,99 5,13 6,16 7,21 8,28 9,13
7: 0,29 1,78 2,76 3,69 4,22 5,90 6,48 7,43 8,63 9,23
8: 0,6 1,88 2,29 3,55 4,82 5,33 6,29 7,42 8,67 9,73
9: 0,7 1,66 2,4 3,37 4,73 5,41 6,72 7,88 8,93 9,35
