0: 1,5 7,2 8,8 12,4 14,9 15,5 18,2 43,1 49,4 70,9 71,0 73,5 92,3 93,3 96,5 97,3
1: 22,3 26,2 27,5 35,3 47,9 54,7 55,0 60,1 63,1 76,7 92,8 96,5
2: 7,5 17,0 43,1 49,8 65,5 70,9 77,8 80,8
3: 90,6
4:
5:
6: 30,4 36,6 61,2 76,0 79,7 80,7 96,2
7: 27,9 60,1 69,7
8: 10,4 25,8 62,2
9: 6,9 8,8 15,2 36,8 52,7 68,0 84,9 87,9 88,6 94,3
10: 8,2 13,2 16,4 21,3 22,0 23,7 29,1 39,6 43,9 45,0 63,1 69,3 80,4
11:
12: 12,9 15,0 44,8 77,8 79,3
13: 82,7
14: 61,7 83,9 98,0
15: 53,3 55,1 59,9 80,5
16:
17: 3,3 5,0 45,7 47,9 79,4 85,1
18: 76,3
19: 4,7 35,2 60,0 98,1
20: 88,5
21: 31,7 74,7 76,4
22: 22,9 24,4 99,4
23:
24: 79,7
25: 16,6 23,1 28,0 32,3 45,2 59,0 74,5 85,9 94,4
26: 42,7 58,4
27: 18,8 19,3 43,6 60,5 62,8 77,0 85,8
28: 1,3 7,9 12,4 16,9 17,8 23,8 24,8 25,7 26,5 31,1 32,4 33,6 35,5 51,8 56,4 57,0 58,0 70,7 73,0 84,6 87,7 88,7 98,3
29:
30:
31:
32: 34,6 56,5
33: 72,6
34: 22,9
35: 32,2 55,7 89,4
36: 5,3 22,6 38,8 67,6 86,0 94,5 98,5 99,2
37: 4,0 18,0 44,9 66,6 97,3
38:
39:
40:
41:
42: 88,6
43: 6,1 12,6
44: 30,2 86,3 96,0
45: 9,9 40,1 50,8 52,9 95,9
46:
47: 38,1 66,3 88,5
48: 27,5 56,3 90,0
49: 57,4 67,5
50: 88,5 94,6
51: 0,0 17,3 35,4 43,6 53,8
52: 63,9
53: 22,9 26,8 56,5 59,1
54: 9,7
55: 48,5 60,7 91,2
56: 4,0 34,2 35,7 37,9 39,8 41,5 66,1 72,4 77,1 86,2 93,3
57: 26,6 29,9 36,4 50,2
58: 11,3 39,1 51,0 57,1 59,5 80,1
59:
60: 3,1 4,1 6,2 17,2 27,8 50,9 51,7 59,3 66,0 76,2 81,4 85,3
61: 7,8 34,8 50,7 65,4 89,0
62: 12,8 18,7 20,8 21,8 44,8 47,2 58,1 64,7 65,2 67,7 68,6 74,5 78,7 81,6 82,2 85,8 88,7 94,8 97,2
63: 32,3
64:
65: 5,1 15,5 18,7 41,3 44,4 69,6 96,4 98,3
66:
67: 16,9
68: 6,3 7,8 24,1 40,0 52,2 64,0
69: 43,8 91,2
70: 0,0 10,6 46,9 93,8
71: 14,6
72:
73: 17,5 25,0 30,2 80,9
74: 47,9
75:
76: 6,9 52,6 65,4
77: 7,8 12,3 14,4 18,2 19,2 27,1 28,7 30,3 36,8 46,4 54,9 57,9 59,4 60,1 66,5 71,4 72,4 73,5 82,9 92,6
78: 53,5 89,9
79: 79,6 89,1
80:
81:
82: 29,0 44,0 46,4 64,5 95,8
83:
84: 0,0 96,0 99,5
85: 9,8 12,3 23,8 24,2 31,7 34,2 36,6 37,5 50,9 51,5 56,6 62,9 87,3 88,6 89,1 90,0 94,8 98,1
86: 1,8 14,4 25,3 27,4 61,8 77,0 89,5
87: 10,9 13,9 14,9 17,8 32,6 43,9 47,4 79,5
88: 55,1
89:
90: 0,8 1,3 36,5 40,1 64,2 67,5 70,9 77,2
91: 5,2 6,0 36,2 45,3 53,9 76,8 82,8 85,8 89,7
92: 31,6 46,6
93: 0,5 10,4 25,2 57,0 60,1 88,3 98,2
94: 2,0 11,1 13,6 86,2 91,4
95: 4,9
96: 21,1 69,3
97: 12,4 13,4 14,8 33,8 34,9 35,9 40,0 89,7 92,6
98: 7,2 42,6 53,9
99:
