A graph representing a maze
0: 80,7 60,35 68,32 1,45 15,5 88,25 34,42 50,13 96,45 39,26 41,27 92,3 43,21 93,33 94,41 69,13 14,29 65,38 16,32 33,4 70,29 73,45 30,34 58,10 18,42 76,40 7,2 26,10 19,47 12,4 49,4 79,47 20,4 38,26 61,32 36,6 91,21 8,48 71,40 97,23 6,22 40,21 98,2 75,1 42,46 90,16 
1: 60,41 69,47 27,29 
2: 10,14 12,2 61,37 0,18 7,34 34,6 54,38 21,36 22,15 25,48 62,12 
3: 8,28 94,13 
4: 76,8 63,11 41,28 30,17 69,33 37,35 29,11 82,17 23,17 72,3 45,30 66,29 8,42 21,13 48,44 67,33 43,29 33,48 78,3 90,23 22,0 42,11 55,19 73,38 13,12 39,16 16,14 31,48 80,14 6,48 88,27 
5: 47,29 45,7 5,30 1,26 
6: 76,44 58,48 95,31 75,27 74,7 55,35 24,4 25,10 31,37 
7: 99,44 22,39 24,4 
8: 23,40 46,14 92,10 41,29 0,6 59,6 15,0 91,2 
9: 46,28 
10: 23,21 
11: 42,7 58,34 
12: 45,17 12,25 18,28 20,12 62,38 19,13 60,5 11,23 16,16 65,35 4,7 43,36 21,48 85,38 66,37 6,31 77,40 
13: 23,8 70,37 58,40 51,8 87,27 73,40 31,26 32,44 56,24 57,10 25,15 84,16 1,3 
14: 
15: 37,47 94,44 98,5 27,44 68,22 77,32 86,40 96,35 87,39 22,36 2,20 45,29 5,43 99,32 6,21 72,16 95,2 38,8 67,26 
16: 98,47 66,36 4,10 18,20 
17: 7,38 30,32 86,0 41,43 96,20 36,28 87,33 
18: 50,8 27,5 25,22 90,10 95,49 9,49 48,7 40,31 89,42 10,17 52,9 11,5 56,3 93,40 
19: 81,11 14,44 36,24 44,18 64,39 63,29 38,8 80,21 3,38 
20: 26,28 56,45 59,41 22,39 
21: 9,47 
22: 91,12 48,25 60,27 
23: 4,10 35,27 86,2 41,35 39,8 37,19 66,41 77,41 34,42 93,3 72,14 
24: 50,2 7,9 29,49 68,7 41,39 71,30 26,36 8,1 36,44 
25: 7,28 12,12 13,15 50,47 25,17 34,18 2,10 63,12 18,44 31,25 23,38 52,31 11,33 51,28 82,8 44,8 38,37 55,14 65,4 68,24 33,35 89,0 84,37 28,47 29,19 27,23 32,28 92,23 69,31 10,18 90,21 
26: 18,37 86,40 39,44 98,33 69,26 65,32 46,41 19,27 20,48 67,6 52,22 40,30 97,12 96,14 41,32 44,8 5,11 76,6 6,13 59,43 42,43 15,25 21,18 45,44 64,30 24,31 7,48 
27: 59,46 17,10 67,0 
28: 93,8 
29: 14,36 
30: 20,25 50,30 9,30 17,17 
31: 
32: 47,49 
33: 
34: 46,14 3,9 55,36 74,32 42,7 61,18 95,18 89,1 93,49 65,4 38,16 70,12 49,28 36,7 29,20 50,22 26,14 22,4 35,27 64,35 79,36 87,14 43,19 40,46 0,42 44,40 6,49 54,22 27,18 51,19 5,45 39,21 7,30 41,9 52,16 92,47 
35: 58,49 89,37 
36: 23,12 32,23 33,38 69,37 36,1 14,31 54,6 
37: 24,22 87,21 9,38 34,42 36,6 37,35 12,23 88,0 94,28 50,19 
38: 25,13 1,28 27,34 77,0 61,28 89,25 14,4 
39: 13,49 17,48 43,29 10,19 14,29 32,6 47,44 79,45 
40: 55,11 
41: 59,14 11,1 3,27 7,20 
42: 0,8 40,1 67,45 36,35 
43: 6,10 64,31 85,48 45,13 89,47 74,6 87,17 53,29 73,37 5,2 82,48 76,8 36,32 1,46 20,9 
44: 42,0 
45: 24,36 25,2 60,41 70,13 
46: 12,24 92,36 91,34 14,38 0,4 11,31 63,25 13,14 16,40 99,44 35,29 2,10 18,7 71,23 98,38 40,20 83,36 33,38 77,34 21,42 51,33 93,46 34,39 55,3 89,27 
47: 40,20 97,22 20,44 77,43 22,38 19,38 50,35 
48: 94,8 36,21 23,2 60,12 72,20 73,39 45,34 
49: 96,20 35,1 80,16 20,41 47,23 90,21 92,8 79,18 95,3 30,44 70,43 82,35 60,26 54,30 26,16 87,12 86,19 83,32 69,34 18,34 13,22 28,17 21,14 25,43 65,14 81,23 99,42 24,47 97,9 48,0 88,1 68,38 19,3 27,35 61,21 89,23 32,15 31,46 
50: 25,27 44,30 98,10 
51: 72,19 6,23 43,25 45,49 12,12 98,17 
52: 21,40 64,4 92,32 56,30 1,35 59,29 13,33 
53: 96,21 52,6 15,36 48,2 97,7 45,32 83,47 56,37 71,16 30,48 88,9 57,26 9,24 63,41 16,8 22,7 64,9 18,7 17,20 23,33 49,8 10,2 31,6 66,42 20,35 62,36 47,30 55,42 41,27 
54: 16,15 96,25 95,20 74,21 2,26 17,43 47,34 11,13 31,24 48,4 22,24 
55: 70,19 14,40 9,18 73,31 68,1 13,34 40,8 45,12 93,17 71,34 87,40 39,12 42,25 
56: 66,42 79,32 34,35 1,6 41,0 14,32 21,32 76,13 54,37 9,25 
57: 91,2 
58: 27,29 94,20 29,34 
59: 59,30 
60: 40,21 58,14 51,34 31,46 54,4 72,2 47,11 50,11 
61: 30,9 12,10 35,29 94,44 20,33 50,25 54,21 93,7 74,27 49,30 48,11 14,44 62,7 75,25 77,12 70,24 
62: 77,27 94,15 9,24 28,21 64,41 90,49 51,7 65,23 44,6 75,2 
63: 21,20 55,35 40,28 22,26 45,22 14,7 30,23 66,10 35,8 52,26 91,0 26,46 84,9 88,0 24,4 51,49 74,46 5,24 32,46 36,6 15,25 62,32 
64: 76,9 14,1 60,18 74,29 23,2 7,15 33,14 97,28 3,13 32,32 90,10 82,18 87,5 88,29 96,1 20,49 38,12 45,14 95,25 68,43 42,2 9,1 64,3 89,22 47,31 8,35 98,0 30,5 35,45 93,48 21,40 44,26 34,44 
65: 9,24 84,29 23,20 7,49 37,5 77,8 29,43 62,42 95,21 28,45 64,39 85,19 5,36 99,46 57,0 
66: 82,0 3,49 91,0 56,25 75,30 93,45 
67: 4,10 25,14 11,8 95,29 
68: 4,15 
69: 83,25 37,21 14,7 93,9 73,6 57,17 15,10 51,37 5,32 55,5 24,20 41,43 
70: 88,14 79,44 2,21 20,37 63,16 71,26 53,39 
71: 81,4 
72: 
73: 66,21 77,37 69,16 84,13 19,29 4,5 91,26 81,35 9,40 70,35 12,13 23,11 64,6 39,42 16,18 18,0 85,19 36,12 73,30 27,11 24,46 92,11 
74: 25,0 19,46 33,42 82,12 60,32 93,27 99,3 17,26 90,16 89,37 61,36 7,11 48,2 16,1 39,25 24,13 8,2 9,43 67,5 94,44 
75: 40,6 55,49 71,11 98,42 19,16 64,10 72,21 60,12 58,16 20,18 0,23 28,12 43,30 31,10 41,39 52,20 42,16 17,9 32,13 8,48 47,43 37,17 
76: 69,31 22,38 74,3 84,44 24,35 80,34 18,16 46,21 90,4 91,36 23,24 
77: 35,24 67,9 41,14 58,37 
78: 65,47 73,27 63,14 77,45 58,31 15,29 35,3 60,37 80,40 93,38 97,23 72,27 89,20 53,25 71,19 70,45 8,22 79,15 47,49 59,11 46,26 39,2 2,16 44,22 55,44 28,22 69,8 14,43 29,40 98,38 57,9 16,26 30,0 81,0 83,42 33,20 36,47 1,2 12,28 3,45 95,22 64,17 78,30 26,46 76,39 90,28 25,16 
79: 7,42 
80: 40,35 
81: 17,4 10,27 37,16 52,19 51,47 22,6 33,22 28,34 4,6 11,33 76,45 23,24 60,27 5,17 64,3 62,14 88,7 89,32 24,38 29,47 45,4 9,36 32,38 
82: 52,9 76,14 40,16 87,48 
83: 
84: 5,18 14,40 87,45 78,37 81,1 85,17 36,48 11,39 79,28 0,20 16,45 73,43 
85: 18,33 92,39 
86: 83,22 
87: 33,29 
88: 31,20 43,11 
89: 36,6 67,4 18,28 24,16 49,24 88,13 31,9 59,35 46,18 98,26 17,7 93,38 8,7 66,39 35,40 41,23 
90: 34,43 64,14 10,39 74,18 92,4 55,27 33,3 22,6 11,10 
91: 63,47 71,11 89,29 15,44 96,2 60,0 81,0 
92: 83,41 13,13 1,37 37,36 42,49 52,35 20,36 48,5 41,16 68,45 69,17 86,33 33,19 31,20 3,27 9,0 14,3 15,5 43,42 87,10 30,27 66,29 
93: 51,44 59,9 54,10 70,48 85,26 57,0 65,7 39,22 79,45 6,29 72,30 21,34 3,13 
94: 4,29 23,47 6,41 43,2 44,38 41,49 9,44 37,2 67,33 8,25 54,13 95,29 94,18 31,23 
95: 37,47 5,40 72,15 88,5 14,18 44,12 73,17 35,13 74,30 4,37 10,41 11,21 28,49 13,5 66,30 92,16 8,39 
96: 8,25 70,2 7,31 42,20 
97: 23,10 15,20 42,31 51,8 75,6 52,30 56,8 18,3 55,30 38,12 3,24 33,9 78,29 76,15 20,1 5,40 89,10 40,36 53,26 9,16 45,4 69,16 95,28 50,34 43,27 24,7 37,16 4,45 32,18 25,37 21,17 96,14 59,46 19,17 14,25 84,21 73,28 88,42 47,21 28,30 39,42 72,46 8,39 29,20 0,17 46,16 81,24 31,6 36,3 87,43 74,46 58,33 6,16 13,47 
98: 57,7 26,12 58,43 13,43 89,41 82,49 12,24 55,33 92,37 3,23 17,45 
99: 1,37 10,41 67,48 23,23 

A shortest path in the maze
Path Length: 4
Path Cost: 22
Path: 0 26 76 74 99
real 0.09
user 0.23
sys 0.01
