0: 1,5 6,2 7,2 8,8 12,4 14,9 15,5 16,2 18,2 19,7 20,4 26,0 30,4 33,4 34,2 36,6 38,6 39,6 40,1 41,7 42,6 43,1 49,4 50,3 58,0 60,5 61,2 65,8 68,2 69,3 70,9 71,0 73,5 75,1 76,0 79,7 80,7 88,5 90,6 91,1 92,3 93,3 94,1 96,5 97,3 98,2
1: 27,9 60,1 69,7
2: 0,8 7,4 10,4 12,2 21,6 22,5 25,8 34,6 54,8 61,7 62,2
3: 8,8 94,3
4: 6,8 8,2 13,2 16,4 21,3 22,0 23,7 29,1 30,7 31,8 33,8 37,5 39,6 41,8 42,1 43,9 45,0 48,4 55,9 63,1 66,9 67,3 69,3 72,3 73,8 76,8 78,3 80,4 82,7 88,7 90,3
5: 1,6 5,0 45,7 47,9
6: 24,4 25,0 31,7 55,5 58,8 74,7 75,7 76,4 95,1
7: 22,9 24,4 99,4
8: 0,6 15,0 23,0 41,9 46,4 59,6 91,2 92,0
9: 46,8
10: 23,1
11: 42,7 58,4
12: 4,7 6,1 11,3 12,5 16,6 18,8 19,3 20,2 21,8 43,6 45,7 60,5 62,8 65,5 66,7 77,0 85,8
13: 1,3 23,8 25,5 31,6 32,4 51,8 56,4 57,0 58,0 70,7 73,0 84,6 87,7
14:
15: 2,0 5,3 6,1 22,6 27,4 37,7 38,8 45,9 67,6 68,2 72,6 77,2 86,0 87,9 94,4 95,2 96,5 98,5 99,2
16: 4,0 18,0 66,6 98,7
17: 7,8 30,2 36,8 41,3 86,0 87,3 96,0
18: 9,9 10,7 11,5 25,2 27,5 40,1 48,7 50,8 52,9 56,3 89,2 90,0 93,0 95,9
19: 3,8 14,4 36,4 38,8 44,8 63,9 64,9 80,1 81,1
20: 22,9 26,8 56,5 59,1
21: 9,7
22: 48,5 60,7 91,2
23: 4,0 34,2 35,7 37,9 39,8 41,5 66,1 72,4 77,1 86,2 93,3
24: 7,9 8,1 26,6 29,9 36,4 41,9 50,2 68,7 71,0
25: 2,0 7,8 10,8 11,3 12,2 13,5 18,4 23,8 25,7 27,3 28,7 29,9 31,5 32,8 33,5 34,8 38,7 44,8 50,7 51,8 52,1 55,4 63,2 65,4 68,4 69,1 82,8 84,7 89,0 90,1 92,3
26: 5,1 6,3 7,8 15,5 18,7 19,7 20,8 21,8 24,1 39,4 40,0 41,2 42,3 44,8 45,4 46,1 52,2 59,3 64,0 65,2 67,6 69,6 76,6 86,0 96,4 97,2 98,3
27: 17,0 59,6 67,0
28: 93,8
29: 14,6
30: 9,0 17,7 20,5 50,0
31:
32: 47,9
33:
34: 0,2 3,9 5,5 6,9 7,0 22,4 26,4 27,8 29,0 35,7 36,7 38,6 39,1 40,6 41,9 42,7 43,9 44,0 46,4 49,8 50,2 51,9 52,6 54,2 55,6 61,8 64,5 65,4 70,2 74,2 79,6 87,4 89,1 92,7 93,9 95,8
35: 58,9 89,7
36: 14,1 23,2 32,3 33,8 36,1 54,6 69,7
37: 9,8 12,3 24,2 34,2 36,6 37,5 50,9 87,1 88,0 94,8
38: 1,8 14,4 25,3 27,4 61,8 77,0 89,5
39: 10,9 13,9 14,9 17,8 32,6 43,9 47,4 79,5
40: 55,1
41: 3,7 7,0 11,1 59,4
42: 0,8 36,5 40,1 67,5
43: 1,6 5,2 6,0 20,9 36,2 45,3 53,9 64,1 73,7 74,6 76,8 82,8 85,8 87,7 89,7
44: 42,0
45: 24,6 25,2 60,1 70,3
46: 0,4 2,0 11,1 12,4 13,4 14,8 16,0 18,7 21,2 33,8 34,9 35,9 40,0 51,3 55,3 63,5 71,3 77,4 83,6 89,7 91,4 92,6 93,6 98,8 99,4
47: 19,8 20,4 22,8 40,0 50,5 77,3 97,2
48: 23,2 36,1 45,4 60,2 72,0 73,9 94,8
49: 13,2 18,4 19,3 20,1 21,4 24,7 25,3 26,6 27,5 28,7 30,4 31,6 32,5 35,1 47,3 48,0 54,0 60,6 61,1 65,4 68,8 69,4 70,3 79,8 80,6 81,3 82,5 83,2 86,9 87,2 88,1 89,3 90,1 92,8 95,3 96,0 97,9 99,2
50: 25,7 44,0 98,0
51: 6,3 12,2 43,5 45,9 72,9 98,7
52: 1,5 13,3 21,0 56,0 59,9 64,4 92,2
53: 9,4 10,2 15,6 16,8 17,0 18,7 20,5 22,7 23,3 30,8 31,6 41,7 45,2 47,0 48,2 49,8 52,6 55,2 56,7 57,6 62,6 63,1 64,9 66,2 71,6 83,7 88,9 96,1 97,7
54: 2,6 11,3 16,5 17,3 22,4 31,4 47,4 48,4 74,1 95,0 96,5
55: 9,8 13,4 14,0 39,2 40,8 42,5 45,2 68,1 70,9 71,4 73,1 87,0 93,7
56: 1,6 9,5 14,2 21,2 34,5 41,0 54,7 66,2 76,3 79,2
57: 91,2
58: 27,9 29,4 94,0
59: 59,0
60: 31,6 40,1 47,1 50,1 51,4 54,4 58,4 72,2
61: 12,0 14,4 20,3 30,9 35,9 48,1 49,0 50,5 54,1 62,7 70,4 74,7 75,5 77,2 93,7 94,4
62: 9,4 28,1 44,6 51,7 64,1 65,3 75,2 77,7 90,9 94,5
63: 5,4 14,7 15,5 21,0 22,6 24,4 26,6 30,3 32,6 35,8 36,6 40,8 45,2 51,9 52,6 55,5 62,2 66,0 74,6 84,9 88,0 91,0
64: 3,3 7,5 8,5 9,1 14,1 20,9 21,0 23,2 30,5 32,2 33,4 34,4 35,5 38,2 42,2 44,6 45,4 47,1 60,8 64,3 68,3 74,9 76,9 82,8 87,5 88,9 89,2 90,0 93,8 95,5 96,1 97,8 98,0
65: 5,6 7,9 9,4 23,0 28,5 29,3 37,5 57,0 62,2 64,9 77,8 84,9 85,9 95,1 99,6
66: 3,9 56,5 75,0 82,0 91,0 93,5
67: 4,0 11,8 25,4 95,9
68: 4,5
69: 5,2 14,7 15,0 24,0 37,1 41,3 51,7 55,5 57,7 73,6 83,5 93,9
70: 2,1 20,7 53,9 63,6 71,6 79,4 88,4
71: 81,4
72:
73: 4,5 9,0 12,3 16,8 18,0 19,9 23,1 24,6 27,1 36,2 39,2 64,6 66,1 69,6 70,5 73,0 77,7 81,5 84,3 85,9 91,6 92,1
74: 7,1 8,2 9,3 16,1 17,6 19,6 24,3 25,0 33,2 39,5 48,2 60,2 61,6 67,5 82,2 89,7 90,6 93,7 94,4 99,3
75: 0,3 8,8 17,9 19,6 20,8 28,2 31,0 32,3 37,7 40,6 41,9 42,6 43,0 47,3 52,0 55,9 58,6 60,2 64,0 71,1 72,1 98,2
76: 18,6 22,8 23,4 24,5 46,1 69,1 74,3 80,4 84,4 90,4 91,6
77: 35,4 41,4 58,7 67,9
78: 1,2 2,6 3,5 8,2 12,8 14,3 15,9 16,6 25,6 26,6 28,2 29,0 30,0 33,0 35,3 36,7 39,2 44,2 46,6 47,9 53,5 55,4 57,9 58,1 59,1 60,7 63,4 64,7 65,7 69,8 70,5 71,9 72,7 73,7 76,9 77,5 78,0 79,5 80,0 81,0 83,2 89,0 90,8 93,8 95,2 97,3 98,8
79: 7,2
80: 40,5
81: 4,6 5,7 9,6 10,7 11,3 17,4 22,6 23,4 24,8 28,4 29,7 32,8 33,2 37,6 45,4 51,7 52,9 60,7 62,4 64,3 76,5 88,7 89,2
82: 40,6 52,9 76,4 87,8
83:
84: 0,0 5,8 11,9 14,0 16,5 36,8 73,3 78,7 79,8 81,1 85,7 87,5
85: 18,3 92,9
86: 83,2
87: 33,9
88: 31,0 43,1
89: 8,7 17,7 18,8 24,6 31,9 35,0 36,6 41,3 46,8 49,4 59,5 66,9 67,4 88,3 93,8 98,6
90: 10,9 11,0 22,6 33,3 34,3 55,7 64,4 74,8 92,4
91: 15,4 60,0 63,7 71,1 81,0 89,9 96,2
92: 1,7 3,7 9,0 13,3 14,3 15,5 20,6 30,7 31,0 33,9 37,6 41,6 42,9 43,2 48,5 52,5 66,9 68,5 69,7 83,1 86,3 87,0
93: 3,3 6,9 21,4 39,2 51,4 54,0 57,0 59,9 65,7 70,8 72,0 79,5 85,6
94: 4,9 6,1 8,5 9,4 23,7 31,3 37,2 41,9 43,2 44,8 54,3 67,3 94,8 95,9
95: 4,7 5,0 8,9 10,1 11,1 13,5 14,8 28,9 35,3 37,7 44,2 66,0 72,5 73,7 74,0 88,5 92,6
96: 7,1 8,5 42,0 70,2
97: 0,7 3,4 4,5 5,0 6,6 8,9 9,6 13,7 14,5 15,0 18,3 19,7 20,1 21,7 23,0 24,7 25,7 28,0 29,0 31,6 32,8 33,9 36,3 37,6 38,2 39,2 40,6 42,1 43,7 45,4 46,6 47,1 50,4 51,8 52,0 53,6 55,0 56,8 58,3 59,6 69,6 72,6 73,8 74,6 75,6 76,5 78,9 81,4 84,1 87,3 88,2 89,0 95,8 96,4
98: 3,3 12,4 13,3 17,5 26,2 55,3 57,7 58,3 82,9 89,1 92,7
99: 1,7 10,1 23,3 67,8
