0: 0,55 1,45 2,72 3,66 4,73 5,7 6,22 7,2 8,48 9,49 10,28 11,29 12,4 13,43 14,29 15,55 16,32 17,51 18,42 19,47 20,54 21,52 22,16 23,13 24,90 25,29 26,60 27,21 28,67 29,23 30,84 31,6 32,88 33,54 34,92 35,35 36,6 37,88 38,26 39,76 40,21 41,27 42,96 43,21 44,69 45,8 46,80 47,69 48,63 49,54 50,63 51,48 52,47 53,33 54,88 55,41 56,93 57,27 58,10 59,29 60,35 61,82 62,80 63,45 64,82 65,38 66,37 67,4 68,82 69,63 70,79 71,90 72,60 73,95 74,30 75,51 76,40 77,39 78,22 79,97 80,7 81,78 82,76 83,73 84,99 85,42 86,55 87,79 88,25 89,16 90,16 91,71 92,53 93,33 94,91 95,13 96,95 97,23 98,52 99,73
1: 0,94 1,23 2,70 3,51 4,7 5,55 6,85 7,16 8,99 9,31 10,74 11,23 12,25 13,57 14,45 15,87 16,16 17,23 18,78 19,63 20,12 21,98 22,84 23,71 24,31 25,60 26,86 27,43 28,44 29,22 30,66 31,87 32,73 33,57 34,24 35,32 36,18 37,97 38,58 39,4 40,59 41,89 42,6 43,86 44,12 45,17 46,28 47,79 48,95 49,56 50,31 51,58 52,32 53,59 54,99 55,35 56,25 57,99 58,98 59,72 60,5 61,55 62,88 63,1 64,90 65,35 66,87 67,99 68,22 69,70 70,26 71,3 72,66 73,55 74,7 75,77 76,94 77,40 78,32 79,37 80,98 81,49 82,28 83,28 84,6 85,38 86,40 87,39 88,56 89,42 90,10 91,57 92,94 93,54 94,79 95,31 96,2 97,94 98,85 99,82
2: 0,80 1,50 2,52 3,31 4,31 5,79 6,82 7,59 8,32 9,47 10,67 11,51 12,68 13,74 14,23 15,84 16,83 17,63 18,92 19,7 20,48 21,7 22,78 23,92 24,0 25,55 26,86 27,45 28,7 29,49 30,38 31,18 32,23 33,69 34,89 35,44 36,44 37,44 38,51 39,62 40,63 41,94 42,91 43,36 44,10 45,81 46,5 47,30 48,10 49,39 50,2 51,29 52,27 53,38 54,63 55,71 56,3 57,34 58,31 59,63 60,92 61,64 62,65 63,12 64,50 65,60 66,11 67,10 68,57 69,74 70,67 71,80 72,28 73,43 74,16 75,25 76,2 77,51 78,65 79,51 80,14 81,84 82,52 83,35 84,60 85,65 86,90 87,13 88,27 89,41 90,15 91,5 92,69 93,36 94,34 95,59 96,14 97,54 98,73 99,46
3: 0,40 1,64 2,15 3,26 4,49 5,70 6,6 7,94 8,64 9,30 10,65 11,44 12,34 13,49 14,52 15,40 16,92 17,10 18,17 19,31 20,25 21,50 22,48 23,62 24,7 25,29 26,69 27,84 28,88 29,17 30,98 31,36 32,46 33,23 34,88 35,12 36,51 37,98 38,35 39,54 40,29 41,93 42,70 43,79 44,6 45,9 46,55 47,44 48,63 49,95 50,80 51,27 52,3 53,5 54,56 55,79 56,36 57,24 58,58 59,46 60,1 61,61 62,85 63,8 64,87 65,32 66,85 67,89 68,49 69,95 70,87 71,79 72,35 73,74 74,38 75,39 76,35 77,22 78,92 79,39 80,38 81,3 82,0 83,92 84,55 85,87 86,99 87,95 88,95 89,49 90,36 91,89 92,53 93,17 94,76 95,5 96,60 97,48 98,5 99,36
4: 0,95 1,45 2,46 3,99 4,19 5,75 6,92 7,86 8,99 9,82 10,74 11,82 12,12 13,97 14,96 15,21 16,65 17,67 18,71 19,89 20,24 21,51 22,95 23,52 24,86 25,52 26,64 27,87 28,11 29,35 30,40 31,92 32,16 33,61 34,86 35,87 36,21 37,99 38,70 39,55 40,47 41,13 42,68 43,29 44,72 45,13 46,45 47,34 48,31 49,19 50,34 51,68 52,99 53,91 54,91 55,33 56,19 57,20 58,83 59,21 60,41 61,62 62,12 63,32 64,24 65,81 66,89 67,26 68,26 69,63 70,13 71,92 72,2 73,61 74,70 75,89 76,79 77,80 78,60 79,98 80,18 81,80 82,1 83,77 84,55 85,67 86,18 87,54 88,73 89,0 90,26 91,70 92,89 93,48 94,8 95,35 96,30 97,34 98,82 99,47
5: 0,2 1,11 2,76 3,39 4,50 5,74 6,73 7,16 8,49 9,39 10,77 11,13 12,62 13,40 14,14 15,62 16,53 17,65 18,13 19,93 20,68 21,63 22,24 23,21 24,70 25,77 26,8 27,25 28,93 29,94 30,59 31,24 32,2 33,52 34,13 35,43 36,9 37,68 38,57 39,13 40,42 41,64 42,64 43,92 44,71 45,87 46,73 47,84 48,4 49,57 50,55 51,40 52,25 53,50 54,60 55,94 56,92 57,81 58,38 59,66 60,25 61,70 62,88 63,94 64,29 65,99 66,64 67,1 68,56 69,46 70,65 71,21 72,45 73,11 74,86 75,71 76,51 77,54 78,11 79,52 80,67 81,34 82,9 83,25 84,78 85,30 86,12 87,54 88,93 89,27 90,48 91,54 92,75 93,74 94,49 95,70 96,25 97,48 98,5 99,22
6: 0,45 1,25 2,95 3,49 4,11 5,74 6,76 7,24 8,69 9,78 10,9 11,34 12,56 13,90 14,57 15,75 16,3 17,82 18,82 19,9 20,78 21,70 22,76 23,51 24,60 25,4 26,46 27,60 28,30 29,44 30,23 31,96 32,96 33,88 34,21 35,58 36,6 37,64 38,44 39,35 40,78 41,15 42,7 43,97 44,87 45,22 46,51 47,38 48,23 49,20 50,90 51,99 52,2 53,76 54,34 55,35 56,32 57,69 58,48 59,24 60,42 61,7 62,82 63,16 64,20 65,21 66,60 67,34 68,25 69,54 70,14 71,42 72,97 73,68 74,46 75,87 76,13 77,5 78,47 79,33 80,74 81,21 82,50 83,74 84,9 85,95 86,94 87,48 88,0 89,76 90,93 91,40 92,0 93,15 94,55 95,45 96,0 97,30 98,4 99,94
7: 0,69 1,67 2,45 3,72 4,73 5,22 6,69 7,22 8,48 9,16 10,80 11,2 12,50 13,11 14,7 15,60 16,63 17,27 18,59 19,16 20,91 21,18 22,48 23,99 24,70 25,74 26,14 27,18 28,12 29,62 30,79 31,81 32,53 33,23 34,63 35,10 36,71 37,21 38,9 39,67 40,6 41,43 42,84 43,18 44,73 45,38 46,91 47,39 48,88 49,66 50,64 51,37 52,4 53,82 54,93 55,55 56,25 57,17 58,14 59,16 60,12 61,57 62,46 63,24 64,59 65,10 66,23 67,49 68,30 69,70 70,93 71,11 72,91 73,6 74,20 75,70 76,66 77,42 78,86 79,71 80,91 81,84 82,71 83,75 84,36 85,84 86,57 87,39 88,70 89,77 90,9 91,24 92,12 93,46 94,54 95,90 96,18 97,79 98,42 99,79
8: 0,70 1,2 2,66 3,95 4,6 5,17 6,68 7,54 8,72 9,36 10,7 11,33 12,28 13,27 14,93 15,79 16,26 17,4 18,90 19,89 20,45 21,92 22,6 23,24 24,38 25,16 26,96 27,94 28,72 29,90 30,0 31,84 32,88 33,70 34,47 35,3 36,97 37,94 38,16 39,52 40,22 41,98 42,18 43,79 44,22 45,4 46,26 47,49 48,87 49,73 50,41 51,97 52,19 53,75 54,52 55,94 56,71 57,59 58,81 59,61 60,37 61,27 62,64 63,14 64,67 65,97 66,3 67,40 68,43 69,58 70,95 71,69 72,27 73,27 74,76 75,93 76,89 77,45 78,30 79,65 80,90 81,0 82,45 83,42 84,1 85,67 86,87 87,95 88,7 89,20 90,78 91,86 92,32 93,88 94,78 95,22 96,31 97,23 98,38 99,92
9: 0,21 1,41 2,41 3,63 4,8 5,86 6,29 7,37 8,29 9,5 10,39 11,60 12,89 13,53 14,23 15,9 16,6 17,81 18,31 19,38 20,25 21,34 22,6 23,54 24,61 25,57 26,15 27,63 28,82 29,89 30,48 31,60 32,44 33,3 34,43 35,7 36,45 37,60 38,6 39,22 40,22 41,45 42,64 43,72 44,99 45,55 46,8 47,63 48,81 49,94 50,67 51,94 52,2 53,70 54,51 55,27 56,27 57,70 58,98 59,25 60,81 61,75 62,50 63,73 64,14 65,22 66,86 67,61 68,51 69,57 70,9 71,60 72,71 73,42 74,68 75,30 76,98 77,8 78,65 79,47 80,96 81,95 82,15 83,67 84,67 85,76 86,64 87,38 88,62 89,86 90,20 91,78 92,54 93,13 94,17 95,95 96,4 97,43 98,31 99,93
10: 0,58 1,39 2,42 3,32 4,46 5,87 6,56 7,75 8,0 9,13 10,23 11,8 12,52 13,28 14,50 15,40 16,91 17,47 18,95 19,84 20,20 21,60 22,38 23,18 24,81 25,2 26,31 27,88 28,95 29,72 30,23 31,73 32,54 33,40 34,92 35,35 36,76 37,36 38,3 39,15 40,55 41,96 42,70 43,28 44,8 45,14 46,3 47,5 48,69 49,37 50,9 51,19 52,72 53,78 54,31 55,52 56,20 57,24 58,45 59,59 60,56 61,87 62,15 63,43 64,87 65,74 66,66 67,98 68,30 69,40 70,36 71,45 72,11 73,50 74,35 75,89 76,19 77,36 78,92 79,40 80,32 81,62 82,5 83,28 84,87 85,35 86,48 87,74 88,60 89,58 90,73 91,25 92,48 93,29 94,76 95,54 96,86 97,20 98,40 99,80
11: 0,12 1,12 2,18 3,61 4,42 5,29 6,40 7,9 8,60 9,91 10,4 11,18 12,2 13,89 14,9 15,41 16,78 17,9 18,67 19,10 20,3 21,30 22,38 23,44 24,71 25,9 26,79 27,83 28,96 29,77 30,95 31,6 32,75 33,59 34,16 35,56 36,5 37,56 38,63 39,98 40,13 41,62 42,96 43,59 44,35 45,78 46,58 47,1 48,69 49,50 50,91 51,50 52,25 53,34 54,18 55,75 56,38 57,14 58,24 59,75 60,73 61,2 62,85 63,51 64,10 65,38 66,36 67,14 68,10 69,29 70,52 71,38 72,41 73,14 74,72 75,99 76,74 77,57 78,64 79,40 80,56 81,53 82,52 83,15 84,91 85,57 86,89 87,6 88,5 89,74 90,34 91,33 92,33 93,17 94,93 95,76 96,64 97,51 98,91 99,56
12: 0,54 1,56 2,79 3,61 4,91 5,46 6,56 7,51 8,60 9,61 10,22 11,38 12,81 13,2 14,15 15,30 16,77 17,60 18,92 19,30 20,59 21,90 22,66 23,6 24,68 25,89 26,98 27,97 28,70 29,29 30,66 31,87 32,2 33,24 34,70 35,19 36,30 37,13 38,95 39,58 40,6 41,37 42,46 43,62 44,10 45,32 46,97 47,53 48,0 49,53 50,54 51,64 52,3 53,15 54,45 55,66 56,43 57,8 58,58 59,95 60,26 61,31 62,41 63,56 64,58 65,10 66,74 67,32 68,69 69,54 70,75 71,81 72,45 73,49 74,94 75,55 76,14 77,85 78,54 79,11 80,41 81,56 82,18 83,8 84,97 85,38 86,28 87,55 88,98 89,95 90,90 91,66 92,18 93,8 94,62 95,61 96,0 97,14 98,31 99,72
13: 0,0 1,64 2,75 3,43 4,64 5,47 6,14 7,57 8,43 9,6 10,4 11,7 12,26 13,72 14,9 15,51 16,77 17,55 18,30 19,1 20,3 21,30 22,69 23,29 24,93 25,95 26,78 27,87 28,31 29,69 30,0 31,3 32,35 33,17 34,35 35,78 36,48 37,58 38,43 39,29 40,94 41,22 42,95 43,68 44,40 45,21 46,57 47,47 48,13 49,18 50,97 51,25 52,55 53,66 54,52 55,97 56,45 57,67 58,3 59,76 60,68 61,24 62,36 63,39 64,52 65,84 66,10 67,88 68,5 69,51 70,62 71,63 72,73 73,40 74,30 75,46 76,58 77,33 78,49 79,27 80,26 81,53 82,90 83,85 84,44 85,96 86,46 87,24 88,21 89,65 90,53 91,48 92,9 93,30 94,63 95,82 96,78 97,72 98,69 99,28
14: 0,91 1,14 2,91 3,6 4,65 5,94 6,25 7,43 8,24 9,41 10,44 11,10 12,62 13,31 14,66 15,42 16,12 17,81 18,42 19,40 20,96 21,91 22,56 23,85 24,34 25,98 26,55 27,69 28,72 29,47 30,51 31,75 32,38 33,38 34,70 35,50 36,65 37,35 38,72 39,48 40,22 41,27 42,48 43,27 44,85 45,30 46,95 47,82 48,31 49,44 50,68 51,69 52,60 53,74 54,99 55,0 56,23 57,12 58,52 59,78 60,24 61,68 62,44 63,41 64,40 65,35 66,32 67,17 68,76 69,46 70,44 71,1 72,11 73,50 74,52 75,53 76,90 77,39 78,52 79,86 80,66 81,14 82,2 83,29 84,81 85,59 86,52 87,21 88,13 89,92 90,64 91,98 92,40 93,99 94,93 95,75 96,0 97,81 98,4 99,27
15: 0,55 1,63 2,13 3,32 4,73 5,62 6,77 7,32 8,76 9,15 10,12 11,42 12,54 13,51 14,87 15,60 16,57 17,64 18,49 19,22 20,22 21,70 22,12 23,14 24,86 25,26 26,63 27,65 28,20 29,32 30,13 31,1 32,84 33,7 34,6 35,21 36,46 37,1 38,95 39,0 40,61 41,34 42,16 43,48 44,76 45,94 46,56 47,86 48,73 49,46 50,81 51,96 52,32 53,55 54,18 55,4 56,77 57,48 58,96 59,50 60,68 61,76 62,44 63,74 64,87 65,17 66,93 67,69 68,88 69,40 70,89 71,15 72,19 73,84 74,44 75,96 76,12 77,13 78,10 79,21 80,67 81,11 82,65 83,32 84,46 85,16 86,48 87,48 88,76 89,34 90,50 91,40 92,2 93,14 94,37 95,51 96,0 97,82 98,46 99,77
16: 0,14 1,62 2,4 3,94 4,9 5,81 6,68 7,20 8,71 9,33 10,0 11,30 12,16 13,38 14,35 15,92 16,18 17,81 18,20 19,73 20,30 21,10 22,91 23,34 24,37 25,20 26,66 27,54 28,29 29,19 30,36 31,46 32,21 33,57 34,31 35,48 36,41 37,11 38,80 39,68 40,19 41,17 42,12 43,61 44,58 45,83 46,84 47,80 48,96 49,67 50,94 51,22 52,18 53,36 54,48 55,75 56,34 57,26 58,53 59,65 60,74 61,11 62,39 63,23 64,13 65,24 66,0 67,85 68,12 69,37 70,75 71,67 72,46 73,22 74,98 75,1 76,17 77,75 78,20 79,76 80,62 81,27 82,89 83,66 84,37 85,70 86,87 87,9 88,44 89,27 90,84 91,37 92,64 93,28 94,54 95,88 96,51 97,43 98,71 99,14
17: 0,49 1,23 2,97 3,20 4,71 5,48 6,46 7,48 8,53 9,35 10,73 11,86 12,33 13,46 14,62 15,45 16,42 17,65 18,56 19,10 20,54 21,69 22,15 23,51 24,8 25,47 26,92 27,56 28,74 29,55 30,18 31,12 32,47 33,52 34,84 35,72 36,79 37,71 38,20 39,2 40,53 41,46 42,5 43,24 44,40 45,4 46,37 47,94 48,22 49,85 50,28 51,96 52,51 53,73 54,84 55,45 56,60 57,28 58,30 59,75 60,23 61,27 62,53 63,71 64,31 65,54 66,63 67,69 68,71 69,7 70,53 71,12 72,44 73,90 74,75 75,54 76,7 77,70 78,51 79,53 80,27 81,8 82,43 83,51 84,7 85,92 86,18 87,8 88,51 89,89 90,20 91,30 92,23 93,21 94,46 95,80 96,91 97,81 98,79 99,4
18: 0,28 1,53 2,89 3,14 4,75 5,37 6,54 7,91 8,78 9,61 10,86 11,43 12,10 13,4 14,67 15,62 16,61 17,99 18,53 19,67 20,66 21,44 22,35 23,43 24,48 25,96 26,46 27,33 28,73 29,75 30,53 31,77 32,45 33,6 34,57 35,48 36,52 37,71 38,41 39,30 40,91 41,12 42,95 43,5 44,58 45,21 46,59 47,13 48,25 49,19 50,81 51,22 52,98 53,40 54,36 55,30 56,50 57,69 58,4 59,58 60,33 61,71 62,11 63,74 64,78 65,56 66,98 67,23 68,54 69,71 70,36 71,52 72,32 73,60 74,55 75,93 76,48 77,93 78,25 79,69 80,4 81,19 82,97 83,28 84,61 85,81 86,22 87,41 88,86 89,41 90,37 91,69 92,57 93,5 94,33 95,8 96,22 97,62 98,38 99,84
19: 0,38 1,78 2,11 3,95 4,31 5,50 6,50 7,20 8,41 9,33 10,26 11,69 12,2 13,61 14,15 15,21 16,58 17,62 18,35 19,94 20,2 21,21 22,37 23,92 24,91 25,38 26,13 27,86 28,55 29,73 30,6 31,72 32,94 33,73 34,43 35,80 36,90 37,24 38,67 39,72 40,90 41,64 42,98 43,73 44,95 45,54 46,32 47,6 48,48 49,46 50,61 51,4 52,14 53,7 54,51 55,91 56,57 57,87 58,28 59,12 60,49 61,64 62,99 63,24 64,58 65,54 66,66 67,82 68,39 69,84 70,70 71,97 72,42 73,60 74,87 75,54 76,49 77,62 78,7 79,56 80,55 81,54 82,38 83,41 84,8 85,73 86,51 87,67 88,50 89,84 90,14 91,26 92,43 93,68 94,64 95,83 96,44 97,50 98,63 99,1
20: 0,1 1,74 2,59 3,37 4,52 5,52 6,15 7,78 8,4 9,23 10,42 11,87 12,3 13,92 14,8 15,39 16,97 17,94 18,25 19,26 20,39 21,73 22,21 23,89 24,95 25,46 26,87 27,36 28,81 29,85 30,84 31,67 32,67 33,84 34,24 35,89 36,39 37,53 38,85 39,93 40,0 41,97 42,55 43,62 44,7 45,89 46,50 47,66 48,22 49,68 50,14 51,46 52,23 53,92 54,46 55,20 56,23 57,66 58,90 59,3 60,20 61,69 62,88 63,32 64,77 65,88 66,58 67,59 68,52 69,40 70,44 71,26 72,6 73,70 74,39 75,54 76,42 77,12 78,79 79,81 80,51 81,71 82,82 83,11 84,60 85,77 86,89 87,83 88,55 89,5 90,26 91,48 92,59 93,38 94,87 95,39 96,64 97,58 98,76 99,98
21: 0,56 1,97 2,88 3,5 4,35 5,48 6,54 7,10 8,82 9,69 10,87 11,19 12,29 13,34 14,0 15,77 16,84 17,99 18,51 19,4 20,29 21,66 22,84 23,67 24,68 25,69 26,33 27,83 28,64 29,7 30,24 31,86 32,96 33,49 34,94 35,54 36,29 37,85 38,83 39,70 40,94 41,29 42,88 43,6 44,72 45,81 46,14 47,44 48,63 49,15 50,14 51,29 52,51 53,96 54,32 55,67 56,64 57,65 58,68 59,39 60,21 61,90 62,9 63,53 64,88 65,13 66,60 67,72 68,11 69,20 70,79 71,10 72,41 73,33 74,56 75,62 76,95 77,56 78,47 79,22 80,29 81,31 82,80 83,9 84,49 85,71 86,47 87,49 88,9 89,12 90,10 91,58 92,87 93,21 94,98 95,9 96,50 97,89 98,21 99,97
22: 0,74 1,15 2,0 3,6 4,52 5,24 6,33 7,31 8,55 9,30 10,19 11,22 12,75 13,33 14,24 15,3 16,84 17,64 18,90 19,14 20,69 21,41 22,29 23,27 24,6 25,82 26,37 27,6 28,80 29,9 30,18 31,7 32,9 33,73 34,49 35,27 36,32 37,4 38,13 39,65 40,83 41,41 42,49 43,45 44,71 45,42 46,51 47,66 48,15 49,17 50,46 51,94 52,51 53,89 54,66 55,24 56,47 57,56 58,80 59,13 60,34 61,8 62,19 63,84 64,85 65,29 66,68 67,59 68,8 69,26 70,6 71,1 72,46 73,14 74,75 75,76 76,65 77,21 78,78 79,24 80,8 81,45 82,4 83,63 84,46 85,36 86,74 87,52 88,18 89,11 90,66 91,46 92,25 93,45 94,37 95,41 96,24 97,6 98,81 99,85
23: 0,53 1,95 2,48 3,95 4,88 5,22 6,22 7,51 8,87 9,77 10,15 11,72 12,50 13,48 14,45 15,4 16,9 17,29 18,35 19,24 20,83 21,94 22,84 23,10 24,72 25,85 26,67 27,66 28,17 29,20 30,3 31,69 32,45 33,84 34,96 35,48 36,55 37,22 38,95 39,0 40,24 41,91 42,30 43,47 44,98 45,99 46,42 47,60 48,27 49,16 50,14 51,64 52,67 53,61 54,80 55,75 56,45 57,4 58,61 59,97 60,13 61,98 62,70 63,2 64,86 65,17 66,32 67,84 68,26 69,25 70,89 71,2 72,54 73,12 74,19 75,20 76,77 77,47 78,81 79,30 80,29 81,30 82,73 83,33 84,30 85,53 86,58 87,10 88,16 89,99 90,25 91,69 92,4 93,81 94,4 95,90 96,38 97,62 98,68 99,12
24: 0,59 1,54 2,73 3,34 4,65 5,92 6,27 7,99 8,93 9,17 10,14 11,57 12,52 13,37 14,15 15,31 16,9 17,72 18,83 19,79 20,61 21,64 22,76 23,38 24,73 25,2 26,69 27,88 28,2 29,18 30,14 31,28 32,23 33,5 34,91 35,14 36,37 37,1 38,3 39,71 40,17 41,69 42,28 43,77 44,51 45,47 46,88 47,54 48,53 49,51 50,56 51,30 52,51 53,61 54,92 55,32 56,82 57,77 58,6 59,21 60,35 61,24 62,25 63,93 64,37 65,17 66,96 67,72 68,1 69,11 70,6 71,99 72,72 73,5 74,39 75,1 76,23 77,43 78,97 79,98 80,45 81,89 82,47 83,16 84,14 85,79 86,86 87,27 88,76 89,52 90,43 91,73 92,33 93,36 94,63 95,33 96,99 97,39 98,87 99,73
25: 0,32 1,39 2,7 3,2 4,42 5,9 6,49 7,3 8,36 9,69 10,79 11,82 12,81 13,46 14,97 15,55 16,78 17,85 18,58 19,75 20,69 21,97 22,70 23,41 24,98 25,26 26,88 27,50 28,55 29,44 30,63 31,24 32,83 33,77 34,18 35,48 36,34 37,69 38,14 39,82 40,66 41,21 42,78 43,17 44,58 45,23 46,58 47,60 48,15 49,99 50,67 51,3 52,10 53,35 54,75 55,84 56,12 57,83 58,38 59,44 60,90 61,14 62,97 63,35 64,13 65,61 66,48 67,70 68,97 69,96 70,3 71,33 72,56 73,79 74,84 75,24 76,30 77,70 78,84 79,25 80,50 81,41 82,39 83,2 84,46 85,97 86,70 87,53 88,96 89,45 90,72 91,22 92,57 93,29 94,0 95,11 96,22 97,38 98,93 99,5
26: 0,37 1,75 2,74 3,75 4,95 5,88 6,87 7,66 8,82 9,75 10,57 11,39 12,13 13,57 14,2 15,98 16,93 17,98 18,12 19,69 20,46 21,78 22,40 23,93 24,62 25,5 26,87 27,53 28,93 29,58 30,38 31,29 32,68 33,68 34,41 35,72 36,58 37,70 38,42 39,4 40,38 41,19 42,57 43,51 44,24 45,76 46,41 47,20 48,33 49,21 50,62 51,83 52,83 53,71 54,47 55,2 56,72 57,45 58,46 59,37 60,58 61,22 62,6 63,19 64,56 65,63 66,76 67,57 68,53 69,14 70,69 71,17 72,92 73,27 74,50 75,94 76,70 77,68 78,76 79,8 80,85 81,57 82,66 83,72 84,98 85,43 86,47 87,33 88,47 89,26 90,92 91,41 92,11 93,4 94,77 95,56 96,34 97,8 98,55 99,78
27: 0,94 1,24 2,0 3,57 4,91 5,87 6,93 7,92 8,10 9,5 10,18 11,50 12,26 13,95 14,21 15,24 16,26 17,61 18,6 19,7 20,3 21,3 22,89 23,47 24,17 25,62 26,44 27,54 28,26 29,97 30,94 31,29 32,90 33,49 34,96 35,69 36,74 37,88 38,44 39,65 40,83 41,9 42,2 43,43 44,1 45,93 46,24 47,19 48,49 49,56 50,1 51,55 52,80 53,61 54,12 55,12 56,50 57,26 58,61 59,90 60,52 61,34 62,71 63,20 64,4 65,15 66,4 67,63 68,77 69,32 70,35 71,26 72,3 73,35 74,99 75,6 76,32 77,13 78,76 79,84 80,27 81,91 82,59 83,75 84,95 85,59 86,83 87,11 88,86 89,48 90,49 91,7 92,30 93,7 94,17 95,96 96,60 97,87 98,34 99,3
28: 0,77 1,58 2,73 3,4 4,40 5,10 6,58 7,58 8,90 9,59 10,79 11,60 12,74 13,71 14,53 15,5 16,50 17,55 18,10 19,91 20,85 21,36 22,62 23,21 24,43 25,46 26,70 27,9 28,67 29,32 30,94 31,20 32,83 33,21 34,48 35,99 36,60 37,33 38,77 39,39 40,88 41,89 42,44 43,12 44,44 45,89 46,65 47,98 48,87 49,53 50,95 51,52 52,34 53,84 54,26 55,22 56,45 57,4 58,35 59,7 60,96 61,52 62,1 63,78 64,52 65,48 66,34 67,42 68,23 69,67 70,54 71,61 72,57 73,87 74,2 75,43 76,15 77,20 78,23 79,63 80,92 81,45 82,23 83,38 84,18 85,21 86,80 87,79 88,77 89,10 90,11 91,35 92,16 93,4 94,60 95,88 96,52 97,36 98,38 99,88
29: 0,58 1,63 2,57 3,68 4,27 5,70 6,19 7,76 8,39 9,58 10,27 11,31 12,56 13,15 14,29 15,67 16,13 17,10 18,23 19,78 20,38 21,32 22,70 23,12 24,83 25,15 26,89 27,21 28,12 29,35 30,29 31,7 32,61 33,86 34,84 35,71 36,12 37,14 38,66 39,80 40,81 41,65 42,78 43,48 44,37 45,18 46,59 47,27 48,34 49,60 50,54 51,32 52,27 53,81 54,81 55,32 56,22 57,93 58,89 59,29 60,4 61,40 62,74 63,67 64,94 65,93 66,90 67,26 68,57 69,84 70,49 71,16 72,34 73,46 74,12 75,95 76,17 77,19 78,54 79,84 80,27 81,52 82,8 83,11 84,95 85,43 86,91 87,30 88,59 89,70 90,29 91,34 92,31 93,16 94,20 95,77 96,37 97,6 98,53 99,13
30: 0,86 1,20 2,77 3,83 4,61 5,17 6,72 7,59 8,52 9,24 10,68 11,0 12,84 13,69 14,14 15,46 16,80 17,82 18,23 19,79 20,63 21,58 22,50 23,82 24,2 25,20 26,90 27,86 28,56 29,35 30,91 31,57 32,72 33,95 34,83 35,42 36,30 37,42 38,32 39,98 40,24 41,32 42,28 43,53 44,79 45,54 46,83 47,3 48,27 49,63 50,9 51,83 52,18 53,90 54,52 55,35 56,54 57,13 58,54 59,80 60,14 61,57 62,43 63,64 64,30 65,84 66,53 67,80 68,49 69,44 70,55 71,78 72,41 73,7 74,82 75,11 76,66 77,4 78,81 79,34 80,47 81,32 82,37 83,20 84,77 85,36 86,22 87,1 88,60 89,80 90,42 91,18 92,37 93,7 94,99 95,71 96,0 97,98 98,66 99,8
31: 0,0 1,29 2,10 3,55 4,13 5,99 6,26 7,63 8,93 9,33 10,49 11,42 12,29 13,67 14,80 15,70 16,40 17,32 18,26 19,81 20,18 21,12 22,44 23,18 24,19 25,55 26,15 27,73 28,50 29,40 30,76 31,81 32,51 33,53 34,63 35,44 36,26 37,20 38,68 39,90 40,43 41,34 42,25 43,32 44,68 45,8 46,12 47,66 48,40 49,17 50,75 51,48 52,54 53,36 54,67 55,16 56,5 57,44 58,30 59,23 60,9 61,97 62,74 63,34 64,86 65,14 66,22 67,41 68,38 69,94 70,68 71,81 72,86 73,87 74,53 75,48 76,49 77,24 78,89 79,62 80,14 81,85 82,42 83,19 84,69 85,98 86,4 87,6 88,55 89,45 90,66 91,24 92,14 93,76 94,83 95,5 96,0 97,57 98,70 99,64
32: 0,95 1,82 2,16 3,37 4,3 5,82 6,92 7,13 8,21 9,1 10,3 11,63 12,2 13,75 14,97 15,94 16,2 17,2 18,79 19,0 20,93 21,79 22,50 23,73 24,0 25,81 26,24 27,37 28,75 29,56 30,48 31,83 32,89 33,78 34,63 35,49 36,95 37,2 38,18 39,85 40,25 41,44 42,29 43,37 44,8 45,36 46,53 47,39 48,48 49,2 50,16 51,82 52,47 53,4 54,43 55,85 56,88 57,66 58,7 59,73 60,64 61,99 62,75 63,88 64,10 65,24 66,9 67,48 68,47 69,65 70,14 71,63 72,53 73,40 74,24 75,19 76,98 77,40 78,82 79,15 80,47 81,26 82,31 83,11 84,9 85,23 86,87 87,64 88,83 89,63 90,76 91,89 92,17 93,99 94,98 95,2 96,82 97,81 98,33 99,97
33: 0,36 1,88 2,62 3,67 4,84 5,2 6,37 7,39 8,22 9,27 10,43 11,64 12,29 13,13 14,43 15,27 16,31 17,93 18,88 19,50 20,60 21,7 22,62 23,64 24,33 25,22 26,85 27,97 28,16 29,47 30,8 31,38 32,87 33,34 34,42 35,43 36,8 37,37 38,46 39,33 40,66 41,64 42,59 43,48 44,17 45,84 46,39 47,31 48,90 49,92 50,86 51,22 52,39 53,40 54,20 55,77 56,35 57,62 58,63 59,3 60,78 61,21 62,71 63,0 64,97 65,21 66,24 67,12 68,1 69,50 70,67 71,91 72,66 73,48 74,31 75,51 76,71 77,9 78,50 79,68 80,37 81,19 82,34 83,54 84,17 85,97 86,50 87,57 88,69 89,57 90,2 91,40 92,62 93,35 94,1 95,35 96,66 97,2 98,76 99,86
34: 0,53 1,88 2,16 3,19 4,33 5,65 6,27 7,24 8,37 9,5 10,84 11,12 12,57 13,47 14,19 15,33 16,75 17,80 18,95 19,94 20,95 21,70 22,13 23,81 24,12 25,93 26,81 27,50 28,85 29,60 30,98 31,99 32,49 33,50 34,31 35,97 36,84 37,21 38,88 39,65 40,61 41,40 42,19 43,73 44,76 45,50 46,68 47,10 48,98 49,11 50,89 51,14 52,85 53,48 54,0 55,80 56,46 57,66 58,16 59,25 60,12 61,64 62,40 63,26 64,43 65,44 66,3 67,65 68,15 69,92 70,13 71,26 72,40 73,98 74,77 75,82 76,25 77,84 78,23 79,93 80,77 81,22 82,31 83,80 84,32 85,57 86,74 87,38 88,31 89,62 90,20 91,1 92,54 93,48 94,68 95,41 96,40 97,18 98,17 99,45
35: 0,28 1,11 2,91 3,28 4,25 5,36 6,46 7,17 8,94 9,87 10,61 11,21 12,97 13,76 14,49 15,92 16,58 17,56 18,3 19,28 20,72 21,36 22,67 23,18 24,87 25,75 26,52 27,32 28,10 29,51 30,98 31,72 32,82 33,71 34,95 35,75 36,60 37,63 38,16 39,84 40,45 41,5 42,29 43,90 44,98 45,47 46,43 47,34 48,82 49,38 50,95 51,91 52,75 53,85 54,58 55,58 56,7 57,62 58,85 59,86 60,63 61,16 62,90 63,63 64,1 65,81 66,40 67,62 68,34 69,37 70,38 71,88 72,12 73,54 74,97 75,1 76,68 77,76 78,31 79,47 80,56 81,1 82,16 83,95 84,85 85,62 86,58 87,92 88,50 89,69 90,23 91,27 92,96 93,49 94,86 95,10 96,97 97,35 98,90 99,78
36: 0,11 1,43 2,61 3,20 4,56 5,63 6,46 7,61 8,36 9,52 10,38 11,2 12,99 13,32 14,74 15,50 16,23 17,2 18,19 19,42 20,1 21,51 22,8 23,95 24,61 25,56 26,11 27,94 28,69 29,85 30,57 31,46 32,13 33,23 34,71 35,85 36,99 37,12 38,73 39,80 40,87 41,2 42,97 43,67 44,59 45,49 46,63 47,23 48,2 49,47 50,55 51,25 52,20 53,90 54,11 55,80 56,46 57,58 58,30 59,72 60,64 61,66 62,60 63,42 64,5 65,67 66,93 67,32 68,32 69,15 70,96 71,63 72,86 73,14 74,93 75,35 76,97 77,55 78,9 79,70 80,29 81,28 82,24 83,73 84,7 85,16 86,54 87,6 88,79 89,20 90,31 91,97 92,23 93,25 94,16 95,31 96,77 97,23 98,60 99,19
37: 0,17 1,68 2,61 3,6 4,47 5,6 6,90 7,62 8,85 9,24 10,93 11,54 12,47 13,51 14,78 15,34 16,79 17,67 18,27 19,27 20,73 21,8 22,97 23,76 24,65 25,49 26,9 27,63 28,10 29,50 30,76 31,73 32,21 33,36 34,9 35,1 36,11 37,81 38,95 39,97 40,71 41,13 42,89 43,40 44,81 45,20 46,67 47,55 48,33 49,87 50,67 51,79 52,39 53,47 54,72 55,12 56,59 57,78 58,33 59,37 60,13 61,89 62,22 63,17 64,53 65,34 66,72 67,91 68,48 69,61 70,19 71,16 72,40 73,31 74,62 75,34 76,33 77,61 78,73 79,23 80,23 81,78 82,0 83,54 84,74 85,73 86,43 87,80 88,56 89,16 90,52 91,27 92,47 93,16 94,73 95,98 96,46 97,20 98,5 99,98
38: 0,42 1,0 2,81 3,90 4,21 5,37 6,55 7,90 8,19 9,12 10,55 11,45 12,67 13,41 14,10 15,42 16,96 17,18 18,99 19,94 20,0 21,14 22,84 23,56 24,4 25,97 26,85 27,46 28,37 29,8 30,69 31,33 32,35 33,92 34,12 35,10 36,66 37,31 38,49 39,65 40,85 41,3 42,55 43,6 44,18 45,54 46,18 47,77 48,43 49,38 50,17 51,84 52,13 53,4 54,91 55,47 56,10 57,46 58,31 59,56 60,10 61,52 62,89 63,33 64,11 65,41 66,24 67,98 68,3 69,26 70,9 71,4 72,69 73,83 74,37 75,91 76,12 77,14 78,4 79,31 80,50 81,33 82,14 83,52 84,63 85,59 86,33 87,56 88,29 89,64 90,78 91,47 92,8 93,86 94,65 95,24 96,66 97,90 98,19 99,17
39: 0,67 1,27 2,93 3,41 4,43 5,57 6,15 7,95 8,50 9,0 10,65 11,46 12,80 13,1 14,81 15,71 16,37 17,24 18,58 19,54 20,77 21,47 22,75 23,53 24,93 25,10 26,20 27,73 28,71 29,5 30,34 31,54 32,85 33,63 34,89 35,49 36,31 37,39 38,22 39,41 40,57 41,82 42,28 43,57 44,37 45,9 46,41 47,47 48,0 49,49 50,56 51,6 52,72 53,86 54,94 55,59 56,57 57,57 58,57 59,97 60,9 61,47 62,75 63,59 64,0 65,91 66,21 67,89 68,52 69,25 70,98 71,50 72,66 73,46 74,83 75,64 76,47 77,89 78,33 79,22 80,1 81,11 82,77 83,23 84,64 85,31 86,14 87,77 88,28 89,74 90,68 91,33 92,81 93,53 94,71 95,13 96,43 97,44 98,25 99,47
40: 0,85 1,62 2,87 3,14 4,96 5,99 6,71 7,49 8,59 9,82 10,5 11,52 12,71 13,11 14,6 15,88 16,20 17,58 18,99 19,64 20,57 21,29 22,34 23,51 24,77 25,18 26,62 27,48 28,33 29,49 30,68 31,77 32,94 33,77 34,50 35,33 36,23 37,84 38,31 39,68 40,40 41,52 42,21 43,53 44,51 45,13 46,23 47,52 48,17 49,58 50,90 51,67 52,17 53,26 54,24 55,2 56,93 57,95 58,32 59,18 60,62 61,73 62,88 63,74 64,23 65,80 66,98 67,54 68,78 69,88 70,15 71,94 72,42 73,14 74,95 75,36 76,42 77,79 78,31 79,84 80,73 81,34 82,88 83,51 84,37 85,10 86,6 87,69 88,30 89,99 90,57 91,35 92,33 93,53 94,91 95,75 96,67 97,7 98,54 99,46
41: 0,95 1,52 2,5 3,30 4,74 5,64 6,3 7,12 8,69 9,51 10,61 11,3 12,74 13,81 14,52 15,41 16,24 17,51 18,11 19,46 20,14 21,41 22,85 23,79 24,53 25,99 26,51 27,90 28,25 29,1 30,32 31,73 32,26 33,67 34,51 35,84 36,45 37,74 38,12 39,85 40,78 41,54 42,28 43,99 44,79 45,42 46,33 47,54 48,51 49,25 50,31 51,20 52,87 53,10 54,60 55,98 56,14 57,34 58,71 59,51 60,62 61,46 62,71 63,25 64,79 65,5 66,26 67,57 68,38 69,97 70,13 71,98 72,53 73,96 74,54 75,23 76,4 77,64 78,45 79,38 80,24 81,25 82,31 83,2 84,27 85,13 86,27 87,76 88,73 89,15 90,58 91,17 92,78 93,45 94,89 95,57 96,61 97,6 98,52 99,87
42: 0,5 1,61 2,32 3,98 4,59 5,80 6,32 7,45 8,14 9,50 10,53 11,92 12,55 13,58 14,69 15,31 16,64 17,65 18,84 19,79 20,19 21,87 22,70 23,32 24,47 25,36 26,25 27,52 28,84 29,94 30,60 31,56 32,20 33,1 34,83 35,66 36,66 37,22 38,89 39,7 40,32 41,70 42,36 43,69 44,69 45,83 46,96 47,64 48,43 49,86 50,73 51,94 52,73 53,93 54,68 55,48 56,45 57,83 58,49 59,4 60,50 61,55 62,94 63,18 64,13 65,6 66,42 67,36 68,61 69,93 70,11 71,18 72,59 73,74 74,12 75,63 76,30 77,17 78,65 79,45 80,19 81,2 82,4 83,23 84,98 85,17 86,71 87,96 88,96 89,62 90,63 91,82 92,51 93,37 94,37 95,37 96,41 97,4 98,77 99,65
43: 0,59 1,7 2,80 3,43 4,12 5,16 6,12 7,59 8,91 9,75 10,38 11,88 12,62 13,25 14,80 15,67 16,13 17,40 18,52 19,92 20,12 21,96 22,82 23,30 24,62 25,80 26,49 27,18 28,46 29,42 30,40 31,25 32,38 33,64 34,77 35,63 36,59 37,84 38,77 39,87 40,14 41,89 42,7 43,78 44,69 45,64 46,79 47,55 48,99 49,97 50,41 51,31 52,99 53,52 54,35 55,95 56,12 57,34 58,66 59,41 60,2 61,45 62,68 63,97 64,25 65,52 66,92 67,42 68,6 69,86 70,97 71,48 72,92 73,74 74,50 75,18 76,53 77,26 78,24 79,95 80,18 81,63 82,59 83,57 84,10 85,44 86,2 87,91 88,97 89,99 90,28 91,9 92,44 93,72 94,43 95,32 96,73 97,14 98,62 99,56
44: 0,97 1,47 2,25 3,58 4,21 5,36 6,20 7,34 8,30 9,45 10,78 11,4 12,20 13,49 14,39 15,41 16,50 17,92 18,35 19,45 20,77 21,53 22,17 23,92 24,55 25,55 26,1 27,81 28,85 29,67 30,27 31,62 32,81 33,98 34,53 35,39 36,34 37,40 38,13 39,75 40,57 41,5 42,30 43,63 44,51 45,54 46,31 47,70 48,31 49,87 50,90 51,86 52,98 53,82 54,72 55,36 56,1 57,42 58,30 59,34 60,69 61,60 62,33 63,28 64,21 65,47 66,82 67,14 68,73 69,1 70,97 71,82 72,81 73,31 74,62 75,20 76,87 77,8 78,60 79,64 80,60 81,81 82,82 83,2 84,36 85,86 86,58 87,36 88,0 89,17 90,10 91,10 92,9 93,91 94,67 95,98 96,88 97,38 98,94 99,47
45: 0,58 1,86 2,68 3,58 4,80 5,22 6,77 7,71 8,20 9,17 10,37 11,15 12,71 13,10 14,57 15,61 16,89 17,7 18,26 19,45 20,45 21,1 22,6 23,11 24,0 25,64 26,9 27,80 28,54 29,37 30,93 31,42 32,65 33,32 34,70 35,2 36,75 37,41 38,28 39,38 40,65 41,91 42,71 43,63 44,18 45,96 46,62 47,9 48,55 49,84 50,97 51,83 52,89 53,75 54,21 55,69 56,19 57,48 58,75 59,74 60,36 61,30 62,26 63,54 64,10 65,72 66,54 67,58 68,35 69,64 70,73 71,62 72,62 73,0 74,70 75,96 76,35 77,16 78,53 79,68 80,48 81,89 82,98 83,89 84,98 85,72 86,20 87,67 88,40 89,15 90,49 91,9 92,9 93,94 94,13 95,16 96,20 97,89 98,64 99,55
46: 0,65 1,15 2,6 3,7 4,18 5,92 6,7 7,74 8,62 9,42 10,97 11,85 12,39 13,86 14,88 15,18 16,55 17,0 18,34 19,33 20,9 21,49 22,87 23,71 24,34 25,18 26,3 27,16 28,82 29,7 30,4 31,24 32,74 33,83 34,99 35,55 36,84 37,96 38,29 39,56 40,43 41,57 42,83 43,23 44,94 45,81 46,4 47,52 48,40 49,12 50,12 51,18 52,91 53,15 54,50 55,60 56,49 57,19 58,67 59,84 60,47 61,37 62,15 63,87 64,38 65,0 66,40 67,94 68,36 69,92 70,11 71,12 72,58 73,95 74,87 75,58 76,75 77,24 78,45 79,4 80,74 81,45 82,98 83,25 84,73 85,49 86,5 87,87 88,15 89,51 90,37 91,50 92,55 93,46 94,42 95,25 96,33 97,63 98,7 99,1
47: 0,39 1,63 2,39 3,70 4,27 5,43 6,45 7,42 8,84 9,38 10,3 11,71 12,67 13,9 14,61 15,15 16,46 17,28 18,63 19,54 20,3 21,98 22,66 23,30 24,26 25,68 26,98 27,24 28,84 29,90 30,99 31,22 32,72 33,8 34,90 35,72 36,21 37,2 38,14 39,48 40,42 41,28 42,47 43,21 44,16 45,41 46,34 47,25 48,23 49,41 50,10 51,35 52,80 53,51 54,25 55,16 56,52 57,3 58,99 59,25 60,4 61,30 62,63 63,17 64,11 65,4 66,10 67,77 68,15 69,77 70,78 71,59 72,27 73,27 74,38 75,66 76,39 77,67 78,66 79,87 80,10 81,77 82,53 83,81 84,89 85,86 86,10 87,65 88,87 89,55 90,59 91,81 92,76 93,98 94,91 95,88 96,97 97,49 98,63 99,76
48: 0,96 1,80 2,56 3,23 4,68 5,23 6,69 7,53 8,15 9,59 10,81 11,95 12,57 13,67 14,30 15,67 16,94 17,61 18,50 19,87 20,77 21,67 22,65 23,92 24,45 25,17 26,13 27,12 28,86 29,22 30,62 31,17 32,32 33,33 34,51 35,30 36,96 37,1 38,44 39,13 40,62 41,79 42,2 43,57 44,62 45,56 46,5 47,9 48,78 49,59 50,49 51,70 52,16 53,78 54,11 55,35 56,7 57,66 58,52 59,78 60,82 61,82 62,25 63,74 64,72 65,87 66,99 67,44 68,9 69,66 70,32 71,1 72,75 73,55 74,77 75,35 76,99 77,33 78,56 79,6 80,30 81,85 82,75 83,35 84,41 85,25 86,98 87,14 88,25 89,93 90,9 91,96 92,72 93,45 94,56 95,8 96,55 97,47 98,8 99,24
49: 0,66 1,90 2,19 3,82 4,99 5,10 6,8 7,5 8,16 9,52 10,57 11,78 12,75 13,93 14,80 15,9 16,19 17,68 18,36 19,72 20,83 21,7 22,75 23,42 24,88 25,67 26,34 27,31 28,23 29,98 30,79 31,51 32,33 33,34 34,36 35,81 36,10 37,48 38,48 39,98 40,1 41,33 42,38 43,86 44,53 45,60 46,55 47,84 48,8 49,17 50,6 51,98 52,77 53,24 54,2 55,3 56,48 57,52 58,77 59,67 60,49 61,93 62,38 63,58 64,28 65,16 66,55 67,52 68,49 69,14 70,34 71,43 72,64 73,64 74,20 75,11 76,14 77,62 78,71 79,90 80,41 81,24 82,64 83,10 84,94 85,64 86,13 87,91 88,63 89,74 90,15 91,61 92,19 93,15 94,15 95,74 96,73 97,11 98,55 99,22
50: 0,9 1,70 2,60 3,45 4,11 5,36 6,76 7,59 8,77 9,53 10,95 11,77 12,51 13,4 14,4 15,34 16,33 17,72 18,31 19,17 20,4 21,43 22,3 23,12 24,39 25,84 26,6 27,61 28,69 29,73 30,67 31,37 32,97 33,75 34,64 35,25 36,82 37,69 38,59 39,96 40,56 41,31 42,93 43,23 44,79 45,4 46,12 47,61 48,96 49,54 50,44 51,30 52,29 53,34 54,54 55,16 56,12 57,99 58,82 59,36 60,63 61,42 62,68 63,78 64,52 65,60 66,54 67,39 68,15 69,37 70,66 71,43 72,10 73,59 74,48 75,80 76,9 77,31 78,42 79,65 80,79 81,77 82,47 83,41 84,36 85,71 86,44 87,68 88,4 89,83 90,34 91,77 92,34 93,4 94,41 95,45 96,10 97,35 98,57 99,24
51: 0,93 1,71 2,80 3,36 4,15 5,92 6,83 7,94 8,66 9,25 10,23 11,80 12,45 13,97 14,2 15,7 16,69 17,75 18,42 19,30 20,71 21,16 22,83 23,1 24,42 25,17 26,40 27,72 28,43 29,24 30,80 31,75 32,71 33,36 34,18 35,56 36,58 37,28 38,46 39,96 40,11 41,28 42,26 43,33 44,13 45,88 46,57 47,45 48,91 49,84 50,49 51,35 52,19 53,6 54,20 55,68 56,7 57,84 58,47 59,11 60,97 61,2 62,7 63,49 64,48 65,34 66,15 67,88 68,33 69,65 70,67 71,72 72,94 73,81 74,1 75,73 76,15 77,53 78,56 79,77 80,99 81,36 82,57 83,17 84,69 85,34 86,38 87,17 88,64 89,30 90,32 91,95 92,3 93,36 94,53 95,59 96,89 97,4 98,39 99,23
52: 0,52 1,29 2,69 3,1 4,70 5,80 6,32 7,57 8,41 9,28 10,30 11,72 12,78 13,17 14,6 15,37 16,93 17,16 18,66 19,36 20,33 21,81 22,19 23,44 24,44 25,99 26,63 27,43 28,66 29,50 30,29 31,42 32,88 33,10 34,9 35,39 36,28 37,13 38,6 39,37 40,5 41,91 42,35 43,79 44,10 45,88 46,94 47,56 48,54 49,97 50,51 51,3 52,68 53,83 54,98 55,35 56,55 57,8 58,98 59,87 60,63 61,30 62,27 63,56 64,58 65,39 66,81 67,33 68,32 69,40 70,83 71,13 72,13 73,57 74,72 75,19 76,25 77,78 78,56 79,76 80,99 81,93 82,78 83,5 84,99 85,7 86,13 87,3 88,9 89,51 90,73 91,30 92,8 93,80 94,44 95,94 96,51 97,71 98,28 99,14
53: 0,72 1,42 2,79 3,25 4,11 5,3 6,35 7,9 8,8 9,47 10,57 11,82 12,86 13,0 14,68 15,50 16,93 17,50 18,24 19,27 20,39 21,28 22,81 23,89 24,11 25,20 26,93 27,76 28,42 29,77 30,93 31,74 32,48 33,1 34,82 35,52 36,80 37,33 38,3 39,99 40,31 41,64 42,88 43,79 44,50 45,21 46,47 47,85 48,99 49,18 50,14 51,98 52,64 53,91 54,93 55,60 56,11 57,28 58,78 59,79 60,25 61,10 62,1 63,58 64,34 65,98 66,49 67,91 68,92 69,75 70,65 71,74 72,25 73,97 74,6 75,63 76,88 77,48 78,58 79,43 80,44 81,41 82,13 83,43 84,65 85,26 86,96 87,27 88,5 89,35 90,56 91,89 92,75 93,0 94,46 95,55 96,45 97,90 98,76 99,75
54: 0,52 1,14 2,1 3,51 4,96 5,98 6,24 7,73 8,8 9,91 10,25 11,3 12,27 13,45 14,88 15,99 16,20 17,23 18,73 19,54 20,10 21,38 22,42 23,9 24,2 25,0 26,51 27,17 28,9 29,43 30,46 31,40 32,28 33,40 34,73 35,86 36,63 37,9 38,14 39,52 40,0 41,87 42,42 43,91 44,81 45,89 46,37 47,25 48,65 49,69 50,7 51,52 52,54 53,68 54,64 55,39 56,32 57,83 58,82 59,92 60,47 61,82 62,15 63,3 64,78 65,66 66,11 67,61 68,57 69,9 70,7 71,54 72,72 73,31 74,99 75,16 76,0 77,59 78,65 79,31 80,31 81,14 82,52 83,12 84,68 85,11 86,61 87,55 88,72 89,24 90,67 91,22 92,71 93,69 94,54 95,76 96,93 97,68 98,40 99,23
55: 0,78 1,44 2,53 3,11 4,71 5,62 6,10 7,83 8,38 9,19 10,97 11,14 12,96 13,14 14,96 15,28 16,2 17,97 18,17 19,12 20,83 21,36 22,30 23,65 24,87 25,65 26,64 27,69 28,32 29,5 30,42 31,85 32,82 33,96 34,94 35,84 36,67 37,59 38,8 39,3 40,63 41,50 42,12 43,29 44,4 45,92 46,89 47,6 48,37 49,49 50,83 51,97 52,62 53,45 54,33 55,22 56,75 57,41 58,28 59,25 60,70 61,51 62,74 63,91 64,43 65,93 66,48 67,25 68,39 69,88 70,69 71,43 72,56 73,22 74,92 75,28 76,87 77,34 78,41 79,25 80,91 81,60 82,34 83,74 84,44 85,28 86,9 87,33 88,47 89,97 90,10 91,89 92,62 93,45 94,49 95,10 96,68 97,88 98,69 99,89
56: 0,34 1,24 2,83 3,82 4,64 5,94 6,83 7,94 8,47 9,30 10,47 11,50 12,80 13,38 14,2 15,88 16,34 17,60 18,84 19,47 20,36 21,69 22,5 23,85 24,97 25,47 26,8 27,73 28,88 29,58 30,49 31,66 32,88 33,74 34,71 35,57 36,95 37,19 38,5 39,32 40,48 41,97 42,29 43,88 44,50 45,25 46,75 47,36 48,94 49,91 50,93 51,62 52,64 53,30 54,61 55,98 56,1 57,54 58,25 59,84 60,71 61,71 62,12 63,78 64,97 65,82 66,1 67,62 68,62 69,1 70,32 71,91 72,88 73,77 74,28 75,26 76,34 77,36 78,74 79,30 80,94 81,27 82,78 83,31 84,29 85,90 86,74 87,63 88,43 89,29 90,26 91,80 92,43 93,75 94,20 95,13 96,48 97,49 98,75 99,71
57: 0,40 1,53 2,6 3,80 4,44 5,10 6,52 7,47 8,49 9,68 10,56 11,81 12,8 13,9 14,80 15,84 16,97 17,6 18,72 19,88 20,25 21,82 22,8 23,57 24,86 25,35 26,69 27,25 28,90 29,34 30,38 31,87 32,78 33,50 34,19 35,66 36,92 37,0 38,19 39,44 40,86 41,3 42,31 43,43 44,41 45,17 46,27 47,0 48,5 49,4 50,26 51,58 52,52 53,77 54,39 55,41 56,19 57,50 58,32 59,42 60,4 61,33 62,9 63,34 64,34 65,22 66,85 67,77 68,23 69,4 70,26 71,57 72,82 73,54 74,80 75,44 76,32 77,37 78,78 79,32 80,39 81,7 82,88 83,75 84,71 85,69 86,26 87,75 88,64 89,17 90,61 91,84 92,46 93,58 94,49 95,15 96,72 97,52 98,73 99,20
58: 0,83 1,42 2,60 3,9 4,43 5,28 6,91 7,78 8,68 9,17 10,99 11,10 12,70 13,94 14,64 15,50 16,71 17,78 18,52 19,86 20,76 21,48 22,34 23,65 24,26 25,8 26,63 27,65 28,81 29,71 30,22 31,43 32,63 33,91 34,90 35,39 36,84 37,75 38,33 39,70 40,52 41,72 42,31 43,74 44,95 45,50 46,59 47,12 48,83 49,12 50,94 51,56 52,28 53,85 54,43 55,89 56,16 57,60 58,24 59,40 60,76 61,7 62,15 63,17 64,61 65,88 66,11 67,82 68,46 69,27 70,7 71,60 72,75 73,66 74,24 75,26 76,55 77,70 78,93 79,62 80,17 81,71 82,76 83,12 84,64 85,44 86,20 87,62 88,0 89,30 90,92 91,60 92,13 93,36 94,36 95,76 96,75 97,31 98,66 99,40
59: 0,44 1,54 2,18 3,1 4,26 5,50 6,75 7,24 8,21 9,53 10,4 11,88 12,79 13,55 14,43 15,83 16,16 17,68 18,66 19,94 20,64 21,79 22,0 23,92 24,66 25,49 26,9 27,20 28,51 29,96 30,61 31,61 32,54 33,71 34,52 35,16 36,51 37,29 38,5 39,42 40,86 41,7 42,39 43,70 44,93 45,99 46,74 47,24 48,95 49,53 50,85 51,86 52,51 53,56 54,91 55,39 56,29 57,57 58,27 59,26 60,44 61,66 62,35 63,16 64,3 65,79 66,97 67,29 68,23 69,18 70,22 71,60 72,68 73,71 74,54 75,36 76,56 77,94 78,9 79,97 80,6 81,93 82,50 83,0 84,3 85,63 86,91 87,55 88,87 89,21 90,6 91,98 92,71 93,27 94,76 95,82 96,31 97,97 98,37 99,71
60: 0,65 1,54 2,3 3,11 4,58 5,33 6,21 7,27 8,23 9,33 10,92 11,1 12,0 13,86 14,25 15,69 16,60 17,20 18,0 19,43 20,84 21,95 22,36 23,78 24,15 25,0 26,25 27,25 28,59 29,87 30,64 31,11 32,48 33,21 34,81 35,70 36,79 37,80 38,81 39,89 40,52 41,36 42,38 43,83 44,64 45,28 46,83 47,50 48,69 49,41 50,9 51,21 52,61 53,57 54,26 55,85 56,25 57,51 58,91 59,60 60,15 61,63 62,51 63,72 64,16 65,9 66,30 67,71 68,12 69,94 70,74 71,38 72,16 73,51 74,44 75,96 76,97 77,66 78,38 79,63 80,97 81,90 82,25 83,23 84,62 85,70 86,67 87,68 88,16 89,81 90,11 91,76 92,20 93,61 94,37 95,90 96,62 97,88 98,25 99,72
61: 0,48 1,39 2,84 3,62 4,64 5,28 6,21 7,33 8,33 9,93 10,88 11,89 12,38 13,74 14,44 15,72 16,55 17,4 18,21 19,54 20,55 21,12 22,91 23,22 24,95 25,87 26,77 27,31 28,96 29,12 30,53 31,1 32,91 33,51 34,79 35,81 36,55 37,9 38,36 39,34 40,37 41,29 42,50 43,18 44,91 45,40 46,18 47,22 48,29 49,11 50,72 51,20 52,85 53,84 54,51 55,12 56,8 57,58 58,25 59,34 60,36 61,37 62,50 63,58 64,67 65,88 66,37 67,92 68,4 69,83 70,96 71,15 72,95 73,30 74,61 75,28 76,88 77,12 78,5 79,50 80,51 81,67 82,81 83,94 84,40 85,60 86,98 87,20 88,32 89,63 90,71 91,14 92,34 93,89 94,45 95,91 96,66 97,69 98,28 99,88
62: 0,0 1,57 2,34 3,84 4,77 5,41 6,34 7,14 8,38 9,32 10,56 11,33 12,18 13,20 14,23 15,69 16,10 17,73 18,63 19,97 20,32 21,77 22,74 23,38 24,38 25,69 26,98 27,39 28,85 29,85 30,14 31,12 32,61 33,67 34,21 35,6 36,72 37,3 38,40 39,88 40,70 41,89 42,92 43,46 44,63 45,30 46,35 47,76 48,81 49,13 50,32 51,8 52,77 53,54 54,56 55,40 56,99 57,25 58,16 59,62 60,87 61,76 62,85 63,63 64,30 65,7 66,24 67,1 68,14 69,53 70,71 71,22 72,56 73,79 74,24 75,63 76,0 77,21 78,25 79,76 80,16 81,53 82,73 83,53 84,86 85,32 86,1 87,43 88,84 89,87 90,82 91,92 92,14 93,10 94,63 95,83 96,44 97,72 98,24 99,56
63: 0,65 1,26 2,30 3,20 4,93 5,31 6,86 7,98 8,22 9,46 10,41 11,52 12,25 13,94 14,9 15,57 16,53 17,85 18,2 19,28 20,91 21,22 22,46 23,81 24,89 25,70 26,76 27,20 28,33 29,83 30,55 31,56 32,64 33,57 34,89 35,67 36,65 37,34 38,77 39,56 40,25 41,10 42,29 43,45 44,8 45,92 46,19 47,2 48,2 49,23 50,9 51,74 52,30 53,81 54,97 55,17 56,40 57,55 58,74 59,72 60,73 61,88 62,67 63,70 64,19 65,91 66,91 67,11 68,90 69,7 70,51 71,42 72,78 73,13 74,18 75,50 76,47 77,61 78,56 79,45 80,6 81,95 82,61 83,50 84,90 85,11 86,48 87,60 88,36 89,37 90,4 91,55 92,65 93,3 94,30 95,77 96,5 97,45 98,63 99,46
64: 0,29 1,0 2,73 3,46 4,7 5,55 6,10 7,25 8,55 9,11 10,31 11,80 12,7 13,47 14,10 15,5 16,31 17,39 18,93 19,73 20,27 21,38 22,64 23,21 24,25 25,67 26,65 27,44 28,20 29,88 30,41 31,69 32,49 33,35 34,22 35,98 36,2 37,87 38,72 39,87 40,76 41,35 42,47 43,1 44,34 45,39 46,56 47,91 48,91 49,95 50,99 51,82 52,27 53,10 54,53 55,97 56,69 57,15 58,67 59,8 60,25 61,80 62,13 63,77 64,6 65,40 66,31 67,23 68,16 69,75 70,41 71,14 72,63 73,94 74,43 75,88 76,2 77,18 78,79 79,24 80,59 81,29 82,66 83,29 84,11 85,25 86,60 87,10 88,58 89,24 90,80 91,96 92,79 93,12 94,26 95,68 96,40 97,52 98,90 99,2
65: 0,65 1,97 2,90 3,7 4,57 5,29 6,85 7,1 8,66 9,68 10,64 11,27 12,47 13,77 14,79 15,14 16,16 17,19 18,29 19,75 20,38 21,91 22,64 23,6 24,83 25,14 26,93 27,54 28,1 29,74 30,80 31,6 32,7 33,35 34,55 35,96 36,31 37,44 38,87 39,82 40,23 41,52 42,34 43,57 44,40 45,6 46,66 47,43 48,91 49,95 50,66 51,63 52,13 53,10 54,75 55,25 56,84 57,91 58,70 59,23 60,74 61,48 62,70 63,71 64,41 65,96 66,38 67,89 68,73 69,39 70,22 71,40 72,27 73,57 74,44 75,36 76,12 77,99 78,99 79,25 80,82 81,99 82,35 83,89 84,68 85,60 86,26 87,37 88,38 89,60 90,67 91,43 92,98 93,12 94,95 95,33 96,4 97,2 98,20 99,72
66: 0,22 1,70 2,29 3,87 4,58 5,43 6,72 7,68 8,82 9,39 10,24 11,15 12,70 13,18 14,88 15,45 16,36 17,12 18,28 19,69 20,57 21,75 22,65 23,8 24,54 25,92 26,50 27,31 28,52 29,63 30,15 31,24 32,35 33,83 34,92 35,78 36,47 37,46 38,15 39,62 40,34 41,13 42,36 43,16 44,13 45,15 46,33 47,1 48,88 49,63 50,46 51,60 52,6 53,59 54,37 55,61 56,5 57,44 58,61 59,85 60,59 61,57 62,41 63,3 64,46 65,63 66,99 67,42 68,36 69,48 70,4 71,85 72,42 73,54 74,94 75,50 76,58 77,89 78,79 79,41 80,38 81,95 82,3 83,61 84,60 85,36 86,87 87,9 88,57 89,34 90,26 91,14 92,14 93,69 94,42 95,71 96,10 97,61 98,86 99,13
67: 0,23 1,53 2,5 3,52 4,93 5,78 6,5 7,44 8,14 9,60 10,89 11,62 12,45 13,85 14,93 15,63 16,36 17,88 18,95 19,97 20,0 21,64 22,39 23,21 24,46 25,20 26,85 27,6 28,84 29,51 30,42 31,7 32,60 33,22 34,79 35,65 36,41 37,34 38,55 39,58 40,10 41,34 42,72 43,96 44,85 45,90 46,33 47,29 48,43 49,36 50,28 51,95 52,11 53,25 54,76 55,87 56,75 57,5 58,71 59,58 60,69 61,90 62,24 63,76 64,18 65,18 66,51 67,28 68,49 69,9 70,24 71,68 72,85 73,46 74,64 75,60 76,82 77,45 78,4 79,92 80,94 81,39 82,65 83,70 84,55 85,19 86,56 87,84 88,84 89,41 90,70 91,52 92,88 93,96 94,30 95,64 96,27 97,95 98,12 99,18
68: 0,21 1,73 2,88 3,40 4,75 5,64 6,34 7,46 8,9 9,66 10,77 11,9 12,53 13,43 14,54 15,23 16,26 17,42 18,20 19,59 20,84 21,43 22,60 23,53 24,45 25,7 26,89 27,96 28,70 29,73 30,93 31,15 32,55 33,7 34,37 35,57 36,81 37,63 38,51 39,49 40,61 41,91 42,57 43,96 44,73 45,31 46,16 47,89 48,62 49,23 50,78 51,71 52,24 53,18 54,65 55,74 56,2 57,34 58,29 59,43 60,55 61,15 62,31 63,70 64,31 65,19 66,71 67,73 68,0 69,28 70,19 71,40 72,65 73,78 74,12 75,35 76,93 77,84 78,73 79,7 80,2 81,27 82,57 83,58 84,83 85,20 86,87 87,27 88,2 89,93 90,1 91,12 92,49 93,53 94,62 95,78 96,0 97,53 98,99 99,83
69: 0,72 1,56 2,94 3,20 4,17 5,44 6,34 7,70 8,16 9,91 10,51 11,75 12,0 13,33 14,38 15,28 16,85 17,76 18,14 19,17 20,13 21,27 22,99 23,41 24,21 25,66 26,4 27,15 28,53 29,66 30,81 31,78 32,94 33,47 34,22 35,73 36,29 37,84 38,70 39,2 40,17 41,78 42,25 43,5 44,22 45,82 46,79 47,34 48,94 49,67 50,1 51,57 52,83 53,42 54,92 55,25 56,2 57,28 58,32 59,58 60,49 61,11 62,60 63,86 64,59 65,79 66,18 67,43 68,74 69,2 70,4 71,56 72,29 73,27 74,91 75,6 76,49 77,1 78,98 79,27 80,26 81,37 82,61 83,6 84,99 85,44 86,7 87,4 88,23 89,33 90,93 91,3 92,37 93,78 94,57 95,60 96,41 97,45 98,64 99,84
70: 0,12 1,33 2,55 3,61 4,57 5,17 6,79 7,13 8,1 9,0 10,13 11,77 12,24 13,74 14,62 15,35 16,37 17,80 18,63 19,61 20,86 21,71 22,34 23,63 24,49 25,59 26,83 27,40 28,80 29,90 30,82 31,74 32,38 33,51 34,82 35,77 36,16 37,40 38,48 39,42 40,44 41,73 42,77 43,68 44,25 45,74 46,73 47,12 48,33 49,76 50,68 51,9 52,44 53,16 54,37 55,18 56,53 57,1 58,97 59,39 60,90 61,99 62,85 63,27 64,39 65,54 66,32 67,5 68,99 69,70 70,50 71,50 72,17 73,90 74,2 75,85 76,38 77,33 78,26 79,1 80,37 81,38 82,21 83,97 84,60 85,67 86,92 87,38 88,62 89,57 90,56 91,35 92,92 93,16 94,85 95,8 96,62 97,3 98,83 99,62
71: 0,15 1,36 2,22 3,50 4,17 5,58 6,19 7,32 8,5 9,27 10,74 11,5 12,93 13,69 14,57 15,24 16,87 17,98 18,95 19,41 20,37 21,31 22,38 23,51 24,58 25,29 26,49 27,50 28,98 29,80 30,49 31,49 32,88 33,63 34,5 35,95 36,25 37,77 38,85 39,22 40,91 41,5 42,81 43,4 44,78 45,18 46,92 47,40 48,58 49,69 50,36 51,6 52,68 53,74 54,99 55,79 56,99 57,90 58,82 59,55 60,52 61,47 62,54 63,77 64,52 65,47 66,81 67,12 68,22 69,75 70,0 71,83 72,41 73,75 74,2 75,4 76,15 77,7 78,26 79,28 80,57 81,9 82,80 83,21 84,84 85,83 86,57 87,14 88,95 89,84 90,13 91,73 92,22 93,22 94,91 95,19 96,76 97,33 98,68 99,95
72: 0,73 1,67 2,20 3,64 4,8 5,27 6,97 7,94 8,0 9,45 10,51 11,74 12,82 13,11 14,91 15,22 16,78 17,68 18,38 19,45 20,94 21,22 22,17 23,61 24,91 25,67 26,48 27,50 28,59 29,24 30,28 31,98 32,81 33,20 34,13 35,47 36,62 37,63 38,77 39,6 40,42 41,56 42,67 43,4 44,65 45,13 46,21 47,72 48,33 49,65 50,77 51,90 52,25 53,17 54,42 55,63 56,90 57,41 58,49 59,3 60,75 61,62 62,36 63,93 64,20 65,39 66,79 67,28 68,51 69,11 70,98 71,34 72,59 73,38 74,93 75,5 76,21 77,18 78,34 79,80 80,17 81,56 82,64 83,50 84,40 85,80 86,54 87,2 88,0 89,76 90,4 91,9 92,75 93,72 94,9 95,68 96,33 97,97 98,77 99,98
73: 0,98 1,86 2,28 3,15 4,2 5,7 6,2 7,42 8,27 9,87 10,45 11,55 12,31 13,42 14,82 15,7 16,54 17,25 18,74 19,39 20,89 21,87 22,38 23,78 24,64 25,29 26,20 27,91 28,26 29,16 30,85 31,0 32,1 33,95 34,82 35,25 36,36 37,7 38,56 39,21 40,8 41,91 42,29 43,48 44,76 45,53 46,93 47,59 48,35 49,43 50,45 51,65 52,43 53,50 54,41 55,69 56,3 57,90 58,66 59,97 60,24 61,61 62,98 63,91 64,5 65,42 66,33 67,96 68,45 69,94 70,59 71,14 72,16 73,89 74,78 75,22 76,36 77,84 78,99 79,10 80,33 81,53 82,7 83,51 84,99 85,23 86,84 87,57 88,14 89,71 90,40 91,49 92,78 93,63 94,44 95,30 96,77 97,96 98,36 99,40
74: 0,58 1,13 2,69 3,97 4,39 5,83 6,19 7,97 8,5 9,49 10,65 11,79 12,70 13,35 14,62 15,42 16,52 17,75 18,64 19,14 20,99 21,99 22,6 23,1 24,80 25,33 26,40 27,92 28,9 29,4 30,37 31,45 32,74 33,13 34,37 35,43 36,43 37,54 38,43 39,51 40,20 41,70 42,57 43,74 44,34 45,83 46,86 47,74 48,10 49,69 50,16 51,49 52,57 53,30 54,6 55,25 56,49 57,20 58,32 59,22 60,85 61,84 62,59 63,6 64,47 65,56 66,52 67,28 68,7 69,19 70,99 71,0 72,0 73,61 74,64 75,23 76,96 77,24 78,6 79,52 80,9 81,92 82,95 83,24 84,66 85,46 86,38 87,33 88,63 89,80 90,17 91,80 92,38 93,23 94,5 95,86 96,90 97,64 98,10 99,57
75: 0,55 1,81 2,27 3,24 4,49 5,33 6,38 7,83 8,97 9,22 10,49 11,68 12,20 13,45 14,89 15,45 16,58 17,33 18,57 19,77 20,82 21,44 22,32 23,28 24,86 25,48 26,96 27,31 28,88 29,50 30,23 31,40 32,34 33,43 34,77 35,2 36,95 37,31 38,83 39,57 40,84 41,23 42,71 43,86 44,56 45,68 46,74 47,71 48,18 49,32 50,63 51,81 52,65 53,47 54,56 55,98 56,81 57,52 58,56 59,9 60,85 61,95 62,28 63,65 64,16 65,30 66,77 67,91 68,47 69,13 70,47 71,67 72,13 73,77 74,65 75,39 76,11 77,89 78,13 79,17 80,64 81,75 82,3 83,61 84,42 85,83 86,69 87,33 88,20 89,78 90,74 91,68 92,66 93,1 94,4 95,63 96,85 97,92 98,29 99,63
76: 0,69 1,71 2,47 3,45 4,74 5,50 6,54 7,44 8,78 9,32 10,78 11,0 12,90 13,26 14,49 15,35 16,90 17,48 18,45 19,85 20,62 21,54 22,10 23,53 24,83 25,34 26,27 27,44 28,0 29,60 30,81 31,1 32,33 33,5 34,91 35,1 36,52 37,84 38,80 39,59 40,21 41,1 42,56 43,85 44,87 45,19 46,96 47,41 48,71 49,34 50,67 51,86 52,45 53,10 54,6 55,17 56,9 57,57 58,70 59,30 60,65 61,67 62,28 63,12 64,45 65,41 66,18 67,85 68,25 69,48 70,35 71,85 72,84 73,48 74,20 75,60 76,31 77,27 78,72 79,39 80,12 81,24 82,18 83,81 84,76 85,53 86,70 87,0 88,54 89,19 90,70 91,59 92,1 93,63 94,29 95,74 96,72 97,52 98,55 99,82
77: 0,53 1,81 2,5 3,79 4,91 5,30 6,72 7,80 8,53 9,45 10,66 11,55 12,60 13,76 14,90 15,61 16,88 17,17 18,57 19,56 20,72 21,65 22,32 23,94 24,35 25,83 26,23 27,78 28,42 29,73 30,24 31,20 32,2 33,60 34,83 35,12 36,52 37,33 38,34 39,48 40,77 41,32 42,51 43,96 44,99 45,51 46,47 47,1 48,16 49,53 50,79 51,35 52,11 53,79 54,52 55,64 56,53 57,55 58,91 59,4 60,59 61,38 62,26 63,55 64,37 65,11 66,55 67,40 68,24 69,36 70,92 71,80 72,75 73,11 74,91 75,27 76,70 77,33 78,90 79,55 80,15 81,5 82,56 83,61 84,19 85,71 86,36 87,54 88,96 89,64 90,94 91,35 92,94 93,62 94,54 95,56 96,42 97,55 98,14 99,9
78: 0,7 1,50 2,53 3,50 4,30 5,36 6,0 7,95 8,75 9,15 10,76 11,40 12,35 13,89 14,82 15,15 16,87 17,81 18,96 19,85 20,12 21,43 22,69 23,63 24,31 25,12 26,91 27,8 28,95 29,69 30,85 31,77 32,44 33,4 34,45 35,2 36,60 37,4 38,13 39,48 40,1 41,28 42,52 43,45 44,74 45,41 46,42 47,42 48,45 49,96 50,47 51,98 52,82 53,39 54,9 55,0 56,33 57,83 58,1 59,2 60,13 61,1 62,90 63,23 64,56 65,52 66,97 67,94 68,66 69,87 70,56 71,32 72,12 73,30 74,53 75,47 76,81 77,41 78,56 79,14 80,94 81,65 82,90 83,84 84,4 85,57 86,47 87,43 88,60 89,39 90,72 91,51 92,89 93,93 94,64 95,18 96,45 97,5 98,49 99,21
79: 0,58 1,24 2,18 3,30 4,87 5,39 6,50 7,63 8,31 9,90 10,12 11,34 12,83 13,87 14,79 15,99 16,30 17,9 18,96 19,23 20,11 21,7 22,25 23,53 24,47 25,87 26,27 27,12 28,91 29,58 30,99 31,55 32,81 33,16 34,46 35,18 36,34 37,70 38,52 39,87 40,55 41,12 42,37 43,59 44,94 45,99 46,17 47,44 48,27 49,54 50,53 51,33 52,69 53,79 54,73 55,3 56,38 57,53 58,49 59,58 60,74 61,86 62,18 63,9 64,14 65,95 66,24 67,78 68,15 69,23 70,54 71,30 72,99 73,25 74,42 75,91 76,1 77,11 78,37 79,54 80,73 81,42 82,81 83,99 84,52 85,35 86,61 87,16 88,59 89,68 90,12 91,79 92,6 93,26 94,18 95,56 96,86 97,68 98,26 99,3
80: 0,10 1,31 2,65 3,63 4,72 5,37 6,35 7,34 8,99 9,80 10,35 11,22 12,66 13,72 14,95 15,82 16,67 17,71 18,72 19,67 20,26 21,13 22,0 23,44 24,7 25,41 26,25 27,21 28,64 29,16 30,66 31,64 32,22 33,56 34,84 35,33 36,58 37,43 38,62 39,19 40,11 41,14 42,92 43,33 44,7 45,11 46,15 47,54 48,18 49,47 50,76 51,12 52,1 53,86 54,30 55,79 56,30 57,96 58,59 59,95 60,93 61,41 62,62 63,39 64,71 65,68 66,1 67,16 68,59 69,70 70,16 71,17 72,5 73,42 74,34 75,41 76,78 77,91 78,53 79,64 80,67 81,92 82,51 83,72 84,34 85,50 86,89 87,0 88,98 89,81 90,7 91,95 92,21 93,49 94,95 95,59 96,56 97,52 98,48 99,42
81: 0,3 1,30 2,71 3,63 4,79 5,76 6,25 7,55 8,53 9,21 10,6 11,28 12,19 13,42 14,48 15,45 16,36 17,76 18,62 19,79 20,30 21,18 22,87 23,10 24,3 25,89 26,31 27,21 28,1 29,16 30,81 31,46 32,48 33,41 34,58 35,7 36,61 37,29 38,30 39,88 40,78 41,16 42,46 43,4 44,60 45,90 46,3 47,62 48,79 49,74 50,63 51,11 52,64 53,42 54,19 55,11 56,93 57,30 58,15 59,43 60,8 61,18 62,6 63,85 64,65 65,3 66,99 67,62 68,23 69,41 70,28 71,90 72,91 73,95 74,51 75,85 76,80 77,26 78,56 79,67 80,28 81,14 82,4 83,40 84,72 85,48 86,37 87,76 88,37 89,12 90,60 91,73 92,61 93,35 94,41 95,10 96,59 97,16 98,49 99,10
82: 0,14 1,30 2,57 3,49 4,81 5,77 6,23 7,81 8,16 9,55 10,45 11,42 12,12 13,83 14,65 15,33 16,5 17,52 18,79 19,89 20,1 21,40 22,82 23,89 24,4 25,15 26,35 27,71 28,44 29,3 30,70 31,87 32,15 33,67 34,88 35,42 36,58 37,37 38,42 39,17 40,2 41,22 42,41 43,62 44,64 45,1 46,62 47,26 48,13 49,57 50,33 51,14 52,39 53,20 54,36 55,85 56,79 57,57 58,23 59,2 60,68 61,85 62,63 63,20 64,27 65,0 66,54 67,72 68,39 69,49 70,33 71,92 72,45 73,79 74,58 75,40 76,72 77,4 78,44 79,23 80,59 81,14 82,65 83,62 84,58 85,8 86,71 87,90 88,33 89,68 90,5 91,28 92,1 93,36 94,76 95,68 96,12 97,35 98,57 99,76
83: 0,76 1,7 2,17 3,74 4,0 5,90 6,88 7,31 8,35 9,11 10,32 11,63 12,59 13,19 14,31 15,93 16,11 17,20 18,88 19,78 20,38 21,24 22,38 23,47 24,19 25,86 26,79 27,7 28,66 29,55 30,16 31,36 32,26 33,6 34,85 35,26 36,67 37,42 38,51 39,32 40,83 41,3 42,60 43,28 44,85 45,16 46,26 47,10 48,32 49,30 50,65 51,82 52,41 53,14 54,75 55,24 56,15 57,40 58,82 59,52 60,80 61,68 62,84 63,99 64,79 65,60 66,34 67,15 68,83 69,28 70,60 71,45 72,64 73,58 74,93 75,38 76,62 77,17 78,77 79,99 80,31 81,59 82,53 83,70 84,99 85,4 86,43 87,58 88,68 89,61 90,74 91,72 92,96 93,72 94,80 95,93 96,45 97,91 98,85 99,22
84: 0,54 1,30 2,87 3,34 4,52 5,0 6,64 7,97 8,8 9,33 10,1 11,47 12,45 13,43 14,71 15,77 16,69 17,3 18,43 19,26 20,79 21,86 22,57 23,70 24,17 25,0 26,2 27,77 28,62 29,25 30,36 31,34 32,38 33,98 34,67 35,84 36,69 37,57 38,30 39,1 40,48 41,25 42,13 43,41 44,62 45,94 46,23 47,64 48,83 49,21 50,85 51,91 52,5 53,47 54,11 55,5 56,44 57,35 58,79 59,25 60,96 61,67 62,24 63,55 64,65 65,80 66,86 67,65 68,28 69,9 70,97 71,88 72,2 73,63 74,43 75,30 76,64 77,21 78,5 79,75 80,76 81,91 82,96 83,27 84,94 85,87 86,1 87,11 88,34 89,84 90,77 91,73 92,20 93,87 94,33 95,52 96,38 97,88 98,14 99,76
85: 0,94 1,42 2,51 3,57 4,48 5,58 6,79 7,87 8,74 9,58 10,25 11,49 12,30 13,72 14,59 15,76 16,80 17,20 18,54 19,22 20,95 21,39 22,7 23,8 24,95 25,80 26,22 27,40 28,73 29,25 30,45 31,64 32,62 33,85 34,72 35,17 36,60 37,44 38,8 39,70 40,10 41,42 42,26 43,4 44,63 45,28 46,1 47,41 48,57 49,41 50,25 51,22 52,84 53,46 54,95 55,52 56,38 57,72 58,53 59,32 60,86 61,11 62,49 63,38 64,42 65,8 66,60 67,46 68,83 69,10 70,36 71,16 72,44 73,11 74,3 75,8 76,24 77,41 78,73 79,23 80,20 81,98 82,10 83,31 84,80 85,65 86,21 87,13 88,94 89,70 90,1 91,62 92,36 93,44 94,95 95,39 96,50 97,32 98,60 99,96
86: 0,21 1,38 2,96 3,26 4,12 5,35 6,59 7,64 8,53 9,84 10,44 11,65 12,34 13,27 14,70 15,37 16,7 17,62 18,63 19,8 20,18 21,4 22,55 23,16 24,72 25,33 26,17 27,15 28,8 29,26 30,0 31,34 32,8 33,55 34,41 35,90 36,65 37,25 38,6 39,85 40,71 41,2 42,86 43,52 44,11 45,22 46,82 47,58 48,55 49,13 50,91 51,32 52,78 53,85 54,84 55,62 56,23 57,14 58,19 59,18 60,3 61,24 62,72 63,19 64,39 65,74 66,4 67,58 68,60 69,78 70,69 71,77 72,88 73,46 74,0 75,55 76,43 77,99 78,95 79,61 80,46 81,66 82,72 83,56 84,92 85,31 86,64 87,50 88,59 89,75 90,32 91,25 92,18 93,95 94,11 95,58 96,14 97,43 98,6 99,79
87: 0,33 1,76 2,7 3,65 4,59 5,39 6,68 7,40 8,76 9,90 10,21 11,53 12,42 13,5 14,73 15,91 16,69 17,3 18,60 19,68 20,58 21,10 22,96 23,26 24,0 25,59 26,18 27,51 28,19 29,38 30,28 31,15 32,27 33,16 34,84 35,23 36,2 37,83 38,37 39,88 40,14 41,37 42,43 43,81 44,43 45,0 46,98 47,70 48,14 49,25 50,45 51,70 52,88 53,39 54,96 55,83 56,70 57,23 58,36 59,6 60,61 61,3 62,70 63,87 64,13 65,55 66,90 67,41 68,33 69,74 70,8 71,13 72,33 73,42 74,23 75,97 76,79 77,97 78,69 79,90 80,61 81,57 82,40 83,99 84,56 85,30 86,58 87,60 88,44 89,78 90,74 91,16 92,96 93,0 94,88 95,7 96,60 97,65 98,87 99,87
88: 0,95 1,40 2,53 3,40 4,4 5,90 6,42 7,58 8,21 9,32 10,97 11,78 12,91 13,32 14,80 15,64 16,43 17,55 18,89 19,20 20,51 21,22 22,61 23,44 24,34 25,32 26,7 27,2 28,70 29,53 30,55 31,68 32,25 33,96 34,80 35,68 36,60 37,66 38,39 39,89 40,49 41,96 42,56 43,75 44,75 45,43 46,98 47,69 48,4 49,64 50,11 51,98 52,3 53,36 54,24 55,70 56,6 57,86 58,91 59,85 60,76 61,62 62,27 63,90 64,83 65,71 66,43 67,42 68,83 69,59 70,30 71,79 72,16 73,62 74,47 75,25 76,34 77,89 78,70 79,29 80,0 81,82 82,11 83,27 84,31 85,1 86,36 87,45 88,88 89,53 90,50 91,9 92,34 93,17 94,43 95,14 96,8 97,51 98,49 99,90
89: 0,68 1,65 2,42 3,69 4,96 5,67 6,27 7,88 8,52 9,77 10,28 11,84 12,31 13,67 14,13 15,91 16,65 17,49 18,5 19,52 20,24 21,74 22,10 23,57 24,20 25,4 26,27 27,58 28,82 29,91 30,10 31,56 32,80 33,41 34,96 35,82 36,81 37,93 38,0 39,62 40,68 41,28 42,29 43,55 44,3 45,25 46,16 47,91 48,59 49,31 50,4 51,99 52,3 53,19 54,21 55,89 56,74 57,11 58,4 59,34 60,22 61,4 62,84 63,83 64,27 65,35 66,67 67,78 68,63 69,39 70,10 71,4 72,89 73,24 74,19 75,22 76,57 77,70 78,69 79,4 80,21 81,86 82,61 83,16 84,32 85,4 86,91 87,80 88,50 89,83 90,86 91,25 92,2 93,47 94,52 95,8 96,53 97,4 98,76 99,72
90: 0,58 1,67 2,0 3,44 4,47 5,69 6,34 7,65 8,23 9,62 10,35 11,50 12,64 13,53 14,96 15,55 16,43 17,69 18,89 19,29 20,29 21,59 22,97 23,77 24,22 25,7 26,53 27,7 28,99 29,17 30,86 31,85 32,4 33,23 34,52 35,33 36,94 37,79 38,42 39,29 40,20 41,97 42,65 43,86 44,53 45,0 46,91 47,92 48,12 49,74 50,60 51,86 52,39 53,51 54,1 55,49 56,55 57,22 58,24 59,92 60,13 61,96 62,64 63,12 64,93 65,0 66,78 67,77 68,18 69,44 70,31 71,7 72,31 73,85 74,54 75,18 76,92 77,87 78,21 79,64 80,23 81,96 82,76 83,36 84,36 85,57 86,72 87,50 88,61 89,65 90,57 91,61 92,40 93,95 94,81 95,75 96,32 97,52 98,74 99,25
91: 0,54 1,21 2,10 3,35 4,47 5,10 6,91 7,2 8,35 9,23 10,76 11,28 12,40 13,9 14,2 15,71 16,91 17,17 18,91 19,85 20,71 21,14 22,76 23,95 24,15 25,61 26,31 27,18 28,7 29,7 30,51 31,59 32,72 33,21 34,5 35,34 36,96 37,57 38,77 39,13 40,22 41,78 42,66 43,26 44,86 45,6 46,81 47,51 48,48 49,52 50,70 51,54 52,67 53,95 54,65 55,85 56,49 57,66 58,90 59,49 60,87 61,2 62,21 63,51 64,37 65,26 66,88 67,47 68,39 69,35 70,87 71,24 72,36 73,82 74,38 75,38 76,23 77,88 78,95 79,4 80,90 81,50 82,27 83,87 84,26 85,42 86,82 87,76 88,60 89,3 90,16 91,52 92,53 93,81 94,7 95,56 96,95 97,21 98,98 99,75
92: 0,49 1,81 2,17 3,14 4,41 5,54 6,67 7,18 8,98 9,58 10,59 11,95 12,16 13,62 14,5 15,99 16,86 17,85 18,99 19,2 20,98 21,9 22,69 23,8 24,91 25,66 26,24 27,44 28,88 29,34 30,3 31,50 32,99 33,54 34,5 35,9 36,2 37,47 38,67 39,95 40,20 41,58 42,59 43,11 44,19 45,52 46,52 47,90 48,40 49,36 50,78 51,18 52,78 53,88 54,34 55,45 56,73 57,31 58,87 59,45 60,27 61,74 62,99 63,27 64,1 65,77 66,78 67,19 68,60 69,26 70,84 71,52 72,94 73,85 74,31 75,36 76,67 77,39 78,83 79,12 80,63 81,27 82,68 83,22 84,86 85,72 86,50 87,56 88,94 89,79 90,26 91,30 92,34 93,82 94,61 95,49 96,6 97,68 98,4 99,81
93: 0,16 1,8 2,50 3,87 4,19 5,63 6,44 7,36 8,63 9,66 10,45 11,5 12,24 13,42 14,82 15,30 16,80 17,43 18,11 19,93 20,74 21,46 22,13 23,3 24,22 25,11 26,52 27,21 28,4 29,13 30,72 31,13 32,8 33,17 34,6 35,25 36,23 37,35 38,3 39,59 40,19 41,55 42,27 43,37 44,62 45,30 46,37 47,63 48,21 49,44 50,52 51,11 52,95 53,73 54,97 55,35 56,60 57,8 58,77 59,31 60,78 61,34 62,43 63,7 64,34 65,94 66,11 67,73 68,65 69,55 70,41 71,52 72,23 73,80 74,19 75,31 76,43 77,9 78,96 79,69 80,34 81,34 82,18 83,52 84,84 85,83 86,96 87,75 88,17 89,0 90,81 91,44 92,8 93,5 94,57 95,42 96,73 97,42 98,60 99,71
94: 0,68 1,14 2,95 3,55 4,95 5,91 6,21 7,53 8,1 9,70 10,16 11,51 12,62 13,90 14,78 15,69 16,66 17,10 18,76 19,81 20,55 21,18 22,62 23,27 24,25 25,89 26,82 27,84 28,84 29,74 30,78 31,64 32,73 33,43 34,50 35,41 36,81 37,68 38,32 39,19 40,47 41,21 42,51 43,42 44,53 45,40 46,31 47,90 48,80 49,57 50,48 51,44 52,83 53,55 54,92 55,7 56,34 57,58 58,72 59,61 60,45 61,64 62,20 63,55 64,49 65,16 66,0 67,55 68,50 69,4 70,5 71,42 72,52 73,90 74,55 75,56 76,43 77,81 78,23 79,13 80,38 81,73 82,89 83,28 84,77 85,21 86,16 87,17 88,31 89,16 90,75 91,80 92,97 93,44 94,80 95,44 96,95 97,74 98,97 99,36
95: 0,88 1,83 2,64 3,99 4,75 5,48 6,34 7,83 8,19 9,92 10,62 11,63 12,25 13,47 14,33 15,26 16,0 17,16 18,19 19,7 20,7 21,61 22,49 23,13 24,30 25,75 26,13 27,80 28,99 29,74 30,36 31,27 32,1 33,34 34,11 35,38 36,57 37,34 38,84 39,67 40,36 41,52 42,31 43,28 44,9 45,10 46,94 47,38 48,65 49,69 50,88 51,34 52,66 53,49 54,48 55,53 56,64 57,16 58,62 59,9 60,70 61,8 62,42 63,10 64,51 65,12 66,86 67,58 68,95 69,61 70,70 71,83 72,96 73,54 74,54 75,1 76,98 77,94 78,10 79,46 80,0 81,49 82,61 83,48 84,89 85,15 86,89 87,64 88,99 89,51 90,35 91,88 92,22 93,86 94,80 95,85 96,44 97,37 98,29 99,31
96: 0,98 1,40 2,22 3,72 4,31 5,48 6,6 7,36 8,7 9,1 10,80 11,30 12,53 13,91 14,49 15,81 16,26 17,16 18,4 19,0 20,29 21,26 22,26 23,23 24,20 25,79 26,27 27,25 28,7 29,87 30,82 31,94 32,37 33,37 34,21 35,10 36,50 37,81 38,88 39,55 40,66 41,23 42,87 43,98 44,80 45,5 46,11 47,1 48,76 49,58 50,54 51,58 52,6 53,87 54,53 55,69 56,9 57,15 58,34 59,51 60,21 61,87 62,74 63,49 64,27 65,15 66,96 67,23 68,89 69,28 70,51 71,89 72,3 73,37 74,41 75,93 76,63 77,81 78,43 79,88 80,42 81,12 82,18 83,85 84,31 85,24 86,95 87,40 88,15 89,98 90,41 91,21 92,43 93,63 94,11 95,80 96,13 97,36 98,44 99,64
97: 0,83 1,97 2,52 3,58 4,21 5,61 6,35 7,89 8,58 9,32 10,82 11,65 12,73 13,7 14,87 15,12 16,38 17,32 18,30 19,37 20,67 21,7 22,72 23,12 24,69 25,69 26,55 27,59 28,84 29,73 30,13 31,15 32,84 33,89 34,14 35,16 36,82 37,56 38,33 39,51 40,75 41,44 42,81 43,78 44,53 45,28 46,82 47,55 48,31 49,24 50,41 51,94 52,79 53,59 54,75 55,21 56,85 57,88 58,74 59,59 60,33 61,77 62,86 63,67 64,61 65,98 66,6 67,79 68,28 69,48 70,40 71,97 72,22 73,40 74,41 75,23 76,25 77,37 78,48 79,8 80,73 81,21 82,29 83,89 84,37 85,24 86,17 87,76 88,57 89,0 90,10 91,94 92,74 93,86 94,60 95,56 96,3 97,52 98,40 99,0
98: 0,43 1,65 2,4 3,57 4,90 5,91 6,12 7,37 8,55 9,48 10,49 11,44 12,32 13,79 14,29 15,39 16,36 17,91 18,87 19,16 20,90 21,60 22,66 23,31 24,15 25,58 26,70 27,90 28,75 29,2 30,26 31,14 32,77 33,73 34,45 35,62 36,59 37,40 38,73 39,69 40,72 41,96 42,61 43,35 44,53 45,70 46,68 47,24 48,90 49,62 50,50 51,0 52,60 53,72 54,55 55,19 56,17 57,56 58,71 59,94 60,71 61,46 62,88 63,92 64,42 65,40 66,24 67,89 68,84 69,46 70,39 71,73 72,67 73,1 74,55 75,58 76,89 77,7 78,20 79,25 80,74 81,19 82,86 83,56 84,41 85,54 86,0 87,80 88,75 89,59 90,37 91,0 92,85 93,72 94,68 95,73 96,98 97,52 98,61 99,99
99: 0,82 1,75 2,79 3,45 4,14 5,13 6,74 7,69 8,0 9,35 10,19 11,64 12,3 13,41 14,55 15,73 16,5 17,47 18,0 19,75 20,97 21,37 22,20 23,50 24,51 25,39 26,11 27,34 28,0 29,61 30,0 31,24 32,33 33,65 34,92 35,59 36,47 37,61 38,72 39,75 40,43 41,98 42,42 43,20 44,51 45,91 46,82 47,94 48,3 49,62 50,68 51,46 52,70 53,20 54,18 55,34 56,40 57,10 58,91 59,31 60,94 61,22 62,82 63,32 64,31 65,21 66,14 67,52 68,74 69,14 70,73 71,45 72,6 73,22 74,78 75,67 76,6 77,41 78,0 79,85 80,21 81,16 82,17 83,11 84,33 85,71 86,90 87,40 88,50 89,30 90,71 91,41 92,37 93,40 94,52 95,70 96,71 97,62 98,95 99,99
