0: 1,45 6,22 7,2 8,48 12,4 14,29 15,55 16,32 18,42 19,47 20,54 26,60 30,84 33,54 34,92 36,6 38,26 39,76 40,21 41,27 42,96 43,21 49,54 50,63 58,10 60,35 61,82 65,38 68,82 69,63 70,79 71,90 73,95 75,51 76,40 79,97 80,7 88,25 90,16 91,71 92,53 93,33 94,91 96,95 97,23 98,52
1: 27,79 60,91 69,47
2: 0,68 7,84 10,14 12,52 21,36 22,15 25,98 34,6 54,88 61,87 62,62
3: 8,28 94,13
4: 6,98 8,92 13,62 16,14 21,13 22,50 23,67 29,61 30,67 31,48 33,48 37,85 39,16 41,78 42,61 43,29 45,80 48,44 55,69 63,11 66,79 67,83 69,33 72,3 73,88 76,8 78,53 80,14 82,17 88,27 90,73
5: 1,76 5,80 45,7 47,29
6: 24,4 25,60 31,87 55,35 58,98 74,7 75,77 76,94 95,31
7: 22,89 24,54 99,94
8: 0,6 15,0 23,40 41,79 46,14 59,6 91,52 92,10
9: 46,28
10: 23,21
11: 42,7 58,84
12: 4,7 6,31 11,23 12,25 16,16 18,78 19,63 20,12 21,98 43,86 45,17 60,5 62,88 65,35 66,87 77,40 85,38
13: 1,3 23,58 25,15 31,76 32,44 51,8 56,24 57,10 58,40 70,87 73,40 84,16 87,27
14:
15: 2,70 5,43 6,71 22,86 27,44 37,97 38,58 45,79 67,26 68,22 72,66 77,32 86,40 87,39 94,94 95,2 96,85 98,55 99,82
16: 4,60 18,20 66,86 98,97
17: 7,88 30,82 36,78 41,43 86,0 87,83 96,20
18: 9,99 10,67 11,55 25,72 27,55 40,31 48,57 50,58 52,59 56,3 89,42 90,10 93,90 95,99
19: 3,88 14,94 36,24 38,58 44,68 63,79 64,89 80,21 81,61
20: 22,39 26,28 56,45 59,41
21: 9,47
22: 48,25 60,77 91,62
23: 4,60 34,42 35,27 37,19 39,8 41,85 66,41 72,64 77,41 86,2 93,53
24: 7,59 8,51 26,86 29,49 36,44 41,39 50,2 68,57 71,80
25: 2,60 7,28 10,68 11,83 12,12 13,65 18,94 23,88 25,67 27,23 28,47 29,19 31,25 32,28 33,85 34,18 38,37 44,58 50,97 51,78 52,81 55,64 63,12 65,4 68,74 69,81 82,58 84,87 89,50 90,21 92,23
26: 5,11 6,63 7,98 15,25 18,87 19,77 20,98 21,68 24,31 39,94 40,30 41,32 42,93 44,8 45,94 46,91 52,72 59,43 64,80 65,82 67,56 69,76 76,56 86,90 96,14 97,62 98,33
27: 17,10 59,46 67,0
28: 93,8
29: 14,86
30: 9,30 17,17 20,25 50,80
31:
32: 47,49
33:
34: 0,92 3,59 5,95 6,49 7,30 22,54 26,14 27,18 29,70 35,27 36,57 38,66 39,71 40,46 41,59 42,7 43,69 44,90 46,14 49,28 50,72 51,69 52,66 54,72 55,36 61,18 64,35 65,4 70,12 74,82 79,86 87,64 89,51 92,47 93,99 95,18
35: 58,99 89,37
36: 14,31 23,62 32,23 33,88 36,51 54,56 69,87
37: 9,38 12,73 24,22 34,42 36,56 37,35 50,19 87,71 88,50 94,78
38: 1,28 14,4 25,63 27,34 61,28 77,50 89,75
39: 10,69 13,49 14,29 17,48 32,6 43,79 47,44 79,95
40: 55,61
41: 3,77 7,70 11,1 59,64
42: 0,58 36,85 40,1 67,95
43: 1,46 5,2 6,60 20,9 36,32 45,13 53,79 64,31 73,37 74,56 76,58 82,98 85,48 87,67 89,47
44: 42,0
45: 24,86 25,52 60,41 70,13
46: 0,4 2,10 11,31 12,24 13,14 14,38 16,90 18,7 21,42 33,88 34,89 35,79 40,70 51,33 55,53 63,75 71,23 77,34 83,36 89,27 91,84 92,36 93,46 98,38 99,94
47: 19,38 20,44 22,38 40,70 50,85 77,43 97,72
48: 23,52 36,21 45,34 60,62 72,70 73,89 94,8
49: 13,72 18,84 19,53 20,91 21,64 24,47 25,43 26,16 27,35 28,67 30,94 31,46 32,15 35,1 47,23 48,50 54,80 60,26 61,71 65,14 68,88 69,34 70,93 79,68 80,16 81,23 82,35 83,32 86,19 87,12 88,51 89,73 90,71 92,58 95,3 96,20 97,9 99,92
50: 25,27 44,80 98,60
51: 6,73 12,62 43,75 45,99 72,19 98,67
52: 1,85 13,83 21,40 56,80 59,29 64,54 92,82
53: 9,74 10,52 15,36 16,8 17,70 18,57 20,35 22,57 23,33 30,98 31,56 41,27 45,32 47,80 48,52 49,8 52,6 55,92 56,37 57,26 62,36 63,41 64,59 66,92 71,16 83,97 88,59 96,21 97,7
54: 2,76 11,13 16,65 17,93 22,24 31,24 47,84 48,4 74,71 95,70 96,25
55: 9,18 13,84 14,40 39,12 40,58 42,25 45,62 68,1 70,19 71,34 73,31 87,40 93,17
56: 1,56 9,75 14,82 21,82 34,35 41,50 54,37 66,92 76,13 79,32
57: 91,2
58: 27,79 29,34 94,70
59: 59,30
60: 31,46 40,21 47,11 50,11 51,34 54,54 58,64 72,52
61: 12,60 14,94 20,83 30,9 35,29 48,61 49,30 50,25 54,71 62,7 70,24 74,77 75,75 77,12 93,7 94,44
62: 9,24 28,71 44,6 51,7 64,41 65,23 75,52 77,77 90,99 94,65
63: 5,74 14,57 15,75 21,70 22,76 24,4 26,46 30,23 32,96 35,58 36,6 40,78 45,22 51,99 52,76 55,35 62,82 66,60 74,46 84,9 88,0 91,0
64: 3,63 7,15 8,85 9,1 14,1 20,99 21,90 23,52 30,5 32,82 33,14 34,44 35,45 38,12 42,52 44,76 45,14 47,31 60,68 64,53 68,93 74,79 76,59 82,68 87,55 88,79 89,72 90,60 93,48 95,75 96,1 97,78 98,50
65: 5,86 7,99 9,24 23,20 28,45 29,43 37,5 57,50 62,92 64,39 77,8 84,29 85,69 95,71 99,46
66: 3,49 56,25 75,30 82,50 91,0 93,45
67: 4,10 11,58 25,64 95,79
68: 4,65
69: 5,82 14,7 15,60 24,70 37,21 41,43 51,37 55,55 57,17 73,6 83,75 93,9
70: 2,71 20,37 53,89 63,16 71,26 79,94 88,64
71: 81,54
72:
73: 4,55 9,90 12,63 16,68 18,0 19,79 23,61 24,96 27,11 36,62 39,92 64,56 66,21 69,16 70,85 73,80 77,37 81,85 84,63 85,19 91,76 92,61
74: 7,61 8,2 9,43 16,1 17,26 19,46 24,63 25,0 33,92 39,75 48,52 60,82 61,86 67,55 82,62 89,87 90,66 93,77 94,94 99,53
75: 0,73 8,48 17,59 19,16 20,18 28,62 31,10 32,63 37,67 40,6 41,39 42,66 43,30 47,93 52,70 55,49 58,16 60,12 64,10 71,11 72,71 98,42
76: 18,16 22,38 23,74 24,85 46,71 69,31 74,53 80,34 84,94 90,54 91,36
77: 35,24 41,64 58,87 67,59
78: 1,2 2,66 3,95 8,72 12,28 14,93 15,79 16,26 25,16 26,96 28,72 29,90 30,0 33,70 35,3 36,97 39,52 44,22 46,26 47,49 53,75 55,94 57,59 58,81 59,61 60,37 63,14 64,67 65,97 69,58 70,95 71,69 72,27 73,27 76,89 77,45 78,30 79,65 80,90 81,0 83,42 89,20 90,78 93,88 95,22 97,23 98,38
79: 7,92
80: 40,35
81: 4,6 5,17 9,36 10,27 11,33 17,4 22,6 23,24 24,38 28,84 29,47 32,88 33,22 37,16 45,4 51,97 52,19 60,27 62,64 64,3 76,45 88,7 89,32
82: 40,66 52,59 76,14 87,98
83:
84: 0,70 5,68 11,89 14,90 16,45 36,98 73,93 78,87 79,78 81,1 85,67 87,95
85: 18,33 92,39
86: 83,22
87: 33,79
88: 31,20 43,61
89: 8,57 17,57 18,28 24,66 31,59 35,90 36,56 41,73 46,68 49,24 59,35 66,89 67,54 88,63 93,88 98,26
90: 10,39 11,60 22,6 33,3 34,43 55,27 64,14 74,68 92,54
91: 15,44 60,50 63,97 71,11 81,50 89,29 96,52
92: 1,87 3,77 9,0 13,63 14,53 15,55 20,86 30,77 31,20 33,19 37,86 41,66 42,99 43,92 48,5 52,35 66,79 68,45 69,67 83,41 86,83 87,10
93: 3,63 6,29 21,34 39,22 51,94 54,60 57,50 59,9 65,57 70,98 72,30 79,95 85,76
94: 4,79 6,91 8,75 9,94 23,47 31,73 37,2 41,49 43,2 44,38 54,63 67,83 94,68 95,29
95: 4,37 5,40 8,39 10,41 11,21 13,5 14,18 28,49 35,63 37,47 44,62 66,30 72,15 73,17 74,80 88,5 92,66
96: 7,81 8,75 42,70 70,2
97: 0,17 3,74 4,95 5,40 6,66 8,89 9,16 13,47 14,75 15,20 18,53 19,17 20,51 21,17 23,60 24,7 25,87 28,30 29,70 31,56 32,18 33,59 36,53 37,16 38,12 39,42 40,36 42,31 43,77 45,4 46,16 47,21 50,34 51,8 52,30 53,76 55,80 56,8 58,83 59,96 69,66 72,96 73,28 74,46 75,56 76,65 78,29 81,74 84,21 87,43 88,92 89,60 95,28 96,64
98: 3,23 12,74 13,43 17,95 26,62 55,33 57,7 58,93 82,49 89,41 92,87
99: 1,87 10,91 23,73 67,98
