A graph representing a maze
0: 1,45 18,42 92,53 49,54 96,95 8,48 73,95 70,79 14,29 71,90 97,23 15,55 43,21 12,4 7,2 93,33 
1: 54,67 76,57 63,21 96,65 60,61 26,42 35,73 55,70 22,63 27,25 92,48 47,59 
2: 7,65 65,15 17,50 49,58 77,68 80,88 43,91 70,39 
3: 90,16 
4: 
5: 
6: 79,97 80,7 30,84 61,82 96,52 76,40 36,6 
7: 69,47 27,79 60,91 
8: 10,14 62,62 25,98 
9: 8,28 15,52 88,16 6,49 84,99 87,79 36,88 52,47 68,30 94,13 
10: 29,61 80,14 39,16 63,11 45,80 22,50 8,92 23,67 13,62 43,29 69,33 16,14 21,13 
11: 
12: 15,90 44,48 79,73 77,78 12,29 
13: 82,17 
14: 61,7 98,20 83,9 
15: 55,41 80,55 59,29 53,33 
16: 
17: 5,80 79,94 45,7 47,29 3,63 85,81 
18: 76,93 
19: 98,21 60,60 35,32 4,67 
20: 88,75 
21: 76,94 31,87 74,7 
22: 22,89 99,94 24,54 
23: 
24: 79,37 
25: 74,15 94,14 85,59 16,46 32,23 23,21 28,90 45,92 59,0 
26: 42,7 58,84 
27: 77,40 18,78 43,86 60,5 19,63 62,88 85,38 
28: 26,15 58,40 7,9 16,89 23,88 87,27 32,44 17,68 31,31 73,40 1,3 12,54 84,16 33,76 25,87 24,58 56,24 88,27 35,45 98,93 51,8 70,87 57,10 
29: 
30: 
31: 
32: 56,45 34,6 
33: 72,66 
34: 22,79 
35: 55,87 89,94 32,2 
36: 22,86 94,85 67,26 38,58 99,82 5,43 86,40 98,55 
37: 97,53 18,20 44,99 4,60 66,86 
38: 
39: 
40: 
41: 
42: 88,56 
43: 12,36 6,41 
44: 30,82 86,83 96,20 
45: 50,58 52,59 40,31 9,99 95,99 
46: 
47: 66,93 38,11 88,25 
48: 90,10 27,55 56,3 
49: 67,95 57,44 
50: 94,56 88,45 
51: 53,38 17,63 35,44 43,36 0,80 
52: 63,89 
53: 59,41 26,28 56,45 22,39 
54: 9,47 
55: 60,77 91,62 48,25 
56: 93,53 35,27 39,8 41,85 4,60 66,41 77,41 37,19 72,64 34,42 86,2 
57: 26,86 36,44 50,2 29,49 
58: 80,31 39,21 11,83 51,90 59,75 57,71 
59: 
60: 85,13 59,63 4,31 27,38 66,10 51,27 76,2 17,92 6,82 50,29 3,31 81,84 
61: 34,18 89,50 50,97 65,4 7,28 
62: 78,77 74,25 18,87 68,56 65,82 67,87 82,32 85,98 88,7 94,38 64,27 21,68 47,62 44,8 20,98 58,51 97,62 12,28 81,26 
63: 32,63 
64: 
65: 15,25 5,11 98,33 41,93 44,94 18,77 69,76 96,14 
66: 
67: 16,39 
68: 64,80 52,72 6,63 7,98 24,31 40,30 
69: 91,92 43,78 
70: 46,9 0,50 10,96 93,8 
71: 14,86 
72: 
73: 25,50 17,95 30,72 80,89 
74: 47,49 
76: 6,49 65,4 52,66 
77: 72,24 59,74 36,38 14,84 54,79 46,4 28,77 57,79 7,68 30,73 66,15 18,72 19,82 82,39 60,51 92,16 27,61 71,74 12,3 73,5 
78: 53,5 89,49 
79: 89,51 79,86 
80: 
81: 
82: 64,35 29,70 46,14 44,90 95,18 
83: 
84: 0,40 96,60 99,15 
85: 34,42 51,45 56,16 24,22 50,19 31,37 89,71 62,89 88,96 94,78 36,56 23,18 9,38 37,35 90,50 12,73 87,3 98,81 
86: 1,28 14,4 25,63 77,50 89,75 27,34 61,28 
87: 13,49 47,44 14,29 17,48 32,6 10,69 79,95 43,79 
88: 55,61 
89: 
90: 36,85 0,58 40,1 67,95 64,32 70,79 77,92 1,63 
91: 5,2 36,32 53,79 89,47 85,48 6,60 45,13 76,58 82,98 
92: 46,26 31,26 
93: 0,95 10,74 57,20 98,82 60,41 25,52 88,73 
94: 86,32 2,10 91,84 13,96 11,31 
95: 4,79 
96: 69,63 21,51 
97: 34,89 33,88 40,70 14,38 89,27 35,79 13,14 92,36 12,24 
98: 53,59 7,52 42,86 
99: 

A shortest path in the maze
Path Length: 4
Path Cost: 150
Path: 0 43 6 36 99
real 0.09
user 0.17
sys 0.01
