A graph representing a maze
0: 80,7 60,35 68,82 1,45 15,55 88,25 34,92 50,63 96,95 39,76 41,27 92,53 43,21 93,33 94,91 69,63 14,29 65,38 16,32 33,54 70,79 73,95 30,84 58,10 18,42 76,40 7,2 26,60 19,47 12,4 49,54 79,97 20,54 38,26 61,82 36,6 91,71 8,48 71,90 97,23 6,22 40,21 98,52 75,51 42,96 90,16 
1: 60,91 69,47 27,79 
2: 10,14 12,52 61,87 0,68 7,84 34,6 54,88 21,36 22,15 25,98 62,62 
3: 8,28 94,13 
4: 76,8 63,11 41,78 30,67 69,33 37,85 29,61 82,17 23,67 72,3 45,80 66,79 8,92 21,13 48,44 67,83 43,29 33,48 78,53 90,73 22,50 42,61 55,69 73,88 13,62 39,16 16,14 31,48 80,14 6,98 88,27 
5: 47,29 45,7 5,80 1,76 
6: 76,94 58,98 95,31 75,77 74,7 55,35 24,4 25,60 31,87 
7: 99,94 22,89 24,54 
8: 23,40 46,14 92,10 41,79 0,6 59,6 15,0 91,52 
9: 46,28 
10: 23,21 
11: 42,7 58,84 
12: 45,17 12,25 18,78 20,12 62,88 19,63 60,5 11,23 16,16 65,35 4,7 43,86 21,98 85,38 66,87 6,31 77,40 
13: 23,58 70,87 58,40 51,8 87,27 73,40 31,76 32,44 56,24 57,10 25,15 84,16 1,3 
14: 
15: 37,97 94,94 98,55 27,44 68,22 77,32 86,40 96,85 87,39 22,86 2,70 45,79 5,43 99,82 6,71 72,66 95,2 38,58 67,26 
16: 98,97 66,86 4,60 18,20 
17: 7,88 30,82 86,0 41,43 96,20 36,78 87,83 
18: 50,58 27,55 25,72 90,10 95,99 9,99 48,57 40,31 89,42 10,67 52,59 11,55 56,3 93,90 
19: 81,61 14,94 36,24 44,68 64,89 63,79 38,58 80,21 3,88 
20: 26,28 56,45 59,41 22,39 
21: 9,47 
22: 91,62 48,25 60,77 
23: 4,60 35,27 86,2 41,85 39,8 37,19 66,41 77,41 34,42 93,53 72,64 
24: 50,2 7,59 29,49 68,57 41,39 71,80 26,86 8,51 36,44 
25: 7,28 12,12 13,65 50,97 25,67 34,18 2,60 63,12 18,94 31,25 23,88 52,81 11,83 51,78 82,58 44,58 38,37 55,64 65,4 68,74 33,85 89,50 84,87 28,47 29,19 27,23 32,28 92,23 69,81 10,68 90,21 
26: 18,87 86,90 39,94 98,33 69,76 65,82 46,91 19,77 20,98 67,56 52,72 40,30 97,62 96,14 41,32 44,8 5,11 76,56 6,63 59,43 42,93 15,25 21,68 45,94 64,80 24,31 7,98 
27: 59,46 17,10 67,0 
28: 93,8 
29: 14,86 
30: 20,25 50,80 9,30 17,17 
31: 
32: 47,49 
33: 
34: 46,14 3,59 55,36 74,82 42,7 61,18 95,18 89,51 93,99 65,4 38,66 70,12 49,28 36,57 29,70 50,72 26,14 22,54 35,27 64,35 79,86 87,64 43,69 40,46 0,92 44,90 6,49 54,72 27,18 51,69 5,95 39,71 7,30 41,59 52,66 92,47 
35: 58,99 89,37 
36: 23,62 32,23 33,88 69,87 36,51 14,31 54,56 
37: 24,22 87,71 9,38 34,42 36,56 37,35 12,73 88,50 94,78 50,19 
38: 25,63 1,28 27,34 77,50 61,28 89,75 14,4 
39: 13,49 17,48 43,79 10,69 14,29 32,6 47,44 79,95 
40: 55,61 
41: 59,64 11,1 3,77 7,70 
42: 0,58 40,1 67,95 36,85 
43: 6,60 64,31 85,48 45,13 89,47 74,56 87,67 53,79 73,37 5,2 82,98 76,58 36,32 1,46 20,9 
44: 42,0 
45: 24,86 25,52 60,41 70,13 
46: 12,24 92,36 91,84 14,38 0,4 11,31 63,75 13,14 16,90 99,94 35,79 2,10 18,7 71,23 98,38 40,70 83,36 33,88 77,34 21,42 51,33 93,46 34,89 55,53 89,27 
47: 40,70 97,72 20,44 77,43 22,38 19,38 50,85 
48: 94,8 36,21 23,52 60,62 72,70 73,89 45,34 
49: 96,20 35,1 80,16 20,91 47,23 90,71 92,58 79,68 95,3 30,94 70,93 82,35 60,26 54,80 26,16 87,12 86,19 83,32 69,34 18,84 13,72 28,67 21,64 25,43 65,14 81,23 99,92 24,47 97,9 48,50 88,51 68,88 19,53 27,35 61,71 89,73 32,15 31,46 
50: 25,27 44,80 98,60 
51: 72,19 6,73 43,75 45,99 12,62 98,67 
52: 21,40 64,54 92,82 56,80 1,85 59,29 13,83 
53: 96,21 52,6 15,36 48,52 97,7 45,32 83,97 56,37 71,16 30,98 88,59 57,26 9,74 63,41 16,8 22,57 64,59 18,57 17,70 23,33 49,8 10,52 31,56 66,92 20,35 62,36 47,80 55,92 41,27 
54: 16,65 96,25 95,70 74,71 2,76 17,93 47,84 11,13 31,24 48,4 22,24 
55: 70,19 14,40 9,18 73,31 68,1 13,84 40,58 45,62 93,17 71,34 87,40 39,12 42,25 
56: 66,92 79,32 34,35 1,56 41,50 14,82 21,82 76,13 54,37 9,75 
57: 91,2 
58: 27,79 94,70 29,34 
59: 59,30 
60: 40,21 58,64 51,34 31,46 54,54 72,52 47,11 50,11 
61: 30,9 12,60 35,29 94,44 20,83 50,25 54,71 93,7 74,77 49,30 48,61 14,94 62,7 75,75 77,12 70,24 
62: 77,77 94,65 9,24 28,71 64,41 90,99 51,7 65,23 44,6 75,52 
63: 21,70 55,35 40,78 22,76 45,22 14,57 30,23 66,60 35,58 52,76 91,0 26,46 84,9 88,0 24,4 51,99 74,46 5,74 32,96 36,6 15,75 62,82 
64: 76,59 14,1 60,68 74,79 23,52 7,15 33,14 97,78 3,63 32,82 90,60 82,68 87,55 88,79 96,1 20,99 38,12 45,14 95,75 68,93 42,52 9,1 64,53 89,72 47,31 8,85 98,50 30,5 35,45 93,48 21,90 44,76 34,44 
65: 9,24 84,29 23,20 7,99 37,5 77,8 29,43 62,92 95,71 28,45 64,39 85,69 5,86 99,46 57,50 
66: 82,50 3,49 91,0 56,25 75,30 93,45 
67: 4,10 25,64 11,58 95,79 
68: 4,65 
69: 83,75 37,21 14,7 93,9 73,6 57,17 15,60 51,37 5,82 55,55 24,70 41,43 
70: 88,64 79,94 2,71 20,37 63,16 71,26 53,89 
71: 81,54 
72: 
73: 66,21 77,37 69,16 84,63 19,79 4,55 91,76 81,85 9,90 70,85 12,63 23,61 64,56 39,92 16,68 18,0 85,19 36,62 73,80 27,11 24,96 92,61 
74: 25,0 19,46 33,92 82,62 60,82 93,77 99,53 17,26 90,66 89,87 61,86 7,61 48,52 16,1 39,75 24,63 8,2 9,43 67,55 94,94 
75: 40,6 55,49 71,11 98,42 19,16 64,10 72,71 60,12 58,16 20,18 0,73 28,62 43,30 31,10 41,39 52,70 42,66 17,59 32,63 8,48 47,93 37,67 
76: 69,31 22,38 74,53 84,94 24,85 80,34 18,16 46,71 90,54 91,36 23,74 
77: 35,24 67,59 41,64 58,87 
78: 65,97 73,27 63,14 77,45 58,81 15,79 35,3 60,37 80,90 93,88 97,23 72,27 89,20 53,75 71,69 70,95 8,72 79,65 47,49 59,61 46,26 39,52 2,66 44,22 55,94 28,72 69,58 14,93 29,90 98,38 57,59 16,26 30,0 81,0 83,42 33,70 36,97 1,2 12,28 3,95 95,22 64,67 78,30 26,96 76,89 90,78 25,16 
79: 7,92 
80: 40,35 
81: 17,4 10,27 37,16 52,19 51,97 22,6 33,22 28,84 4,6 11,33 76,45 23,24 60,27 5,17 64,3 62,64 88,7 89,32 24,38 29,47 45,4 9,36 32,88 
82: 52,59 76,14 40,66 87,98 
83: 
84: 5,68 14,90 87,95 78,87 81,1 85,67 36,98 11,89 79,78 0,70 16,45 73,93 
85: 18,33 92,39 
86: 83,22 
87: 33,79 
88: 31,20 43,61 
89: 36,56 67,54 18,28 24,66 49,24 88,63 31,59 59,35 46,68 98,26 17,57 93,88 8,57 66,89 35,90 41,73 
90: 34,43 64,14 10,39 74,68 92,54 55,27 33,3 22,6 11,60 
91: 63,97 71,11 89,29 15,44 96,52 60,50 81,50 
92: 83,41 13,63 1,87 37,86 42,99 52,35 20,86 48,5 41,66 68,45 69,67 86,83 33,19 31,20 3,77 9,0 14,53 15,55 43,92 87,10 30,77 66,79 
93: 51,94 59,9 54,60 70,98 85,76 57,50 65,57 39,22 79,95 6,29 72,30 21,34 3,63 
94: 4,79 23,47 6,91 43,2 44,38 41,49 9,94 37,2 67,83 8,75 54,63 95,29 94,68 31,73 
95: 37,47 5,40 72,15 88,5 14,18 44,62 73,17 35,63 74,80 4,37 10,41 11,21 28,49 13,5 66,30 92,66 8,39 
96: 8,75 70,2 7,81 42,70 
97: 23,60 15,20 42,31 51,8 75,56 52,30 56,8 18,53 55,80 38,12 3,74 33,59 78,29 76,65 20,51 5,40 89,60 40,36 53,76 9,16 45,4 69,66 95,28 50,34 43,77 24,7 37,16 4,95 32,18 25,87 21,17 96,64 59,96 19,17 14,75 84,21 73,28 88,92 47,21 28,30 39,42 72,96 8,89 29,70 0,17 46,16 81,74 31,56 36,53 87,43 74,46 58,83 6,66 13,47 
98: 57,7 26,62 58,93 13,43 89,41 82,49 12,74 55,33 92,87 3,23 17,95 
99: 1,87 10,91 67,98 23,73 

A shortest path in the maze
Path Length: 5
Path Cost: 79
Path: 0 6 74 25 65 99
real 0.09
user 0.19
sys 0.01
