0: 0,29 1,45 2,3 3,33 4,29 5,21 6,45 7,2 8,23 9,45
1: 0,42 1,40 2,4 3,26 4,47 5,5 6,10 7,22 8,48 9,4
2: 0,35 1,27 2,46 3,4 4,26 5,4 6,42 7,1 8,21 9,13
3: 0,13 1,21 2,32 3,16 4,41 5,32 6,38 7,32 8,25 9,10
4: 0,34 1,7 2,27 3,19 4,10 5,23 6,2 7,40 8,6 9,47
5: 0,30 1,49 2,30 3,47 4,1 5,2 6,38 7,29 8,5 9,16
6: 0,8 1,45 2,30 3,39 4,49 5,13 6,16 7,21 8,28 9,13
7: 0,29 1,28 2,26 3,19 4,22 5,40 6,48 7,43 8,13 9,23
8: 0,6 1,38 2,29 3,5 4,32 5,33 6,29 7,42 8,17 9,23
9: 0,7 1,16 2,4 3,37 4,23 5,41 6,22 7,38 8,43 9,35
