A graph representing a maze
0: 0,79 5,21 6,95 8,23 7,2 3,33 2,53 9,95 4,29 1,45 
1: 2,4 4,47 7,22 1,90 9,54 0,42 6,60 8,48 3,26 5,55 
2: 1,27 5,54 8,21 9,63 4,76 7,51 3,54 2,96 6,92 0,35 
3: 6,38 2,82 7,82 9,10 1,71 4,91 5,32 0,63 3,16 8,25 
4: 1,7 2,27 7,40 9,97 8,6 3,69 6,52 0,84 4,60 5,73 
5: 1,49 2,80 8,55 0,30 6,88 7,79 3,47 4,51 5,52 9,16 
6: 4,99 6,16 0,8 5,13 1,45 7,21 8,28 2,80 3,39 9,13 
7: 4,22 9,23 5,90 7,43 2,76 0,29 1,78 6,48 8,63 3,69 
8: 7,42 1,88 3,55 8,67 5,33 9,73 0,6 4,82 2,29 6,29 
9: 6,72 5,41 0,7 2,4 4,73 1,66 7,88 8,93 3,37 9,35 

A shortest path in the maze
Path Length: 2
Path Cost: 25
Path: 0 7 9
real 0.06
user 0.07
sys 0.00
