A graph representing a maze
0: 36,6 25,29 28,17 23,13 48,13 50,13 40,21 99,23 42,46 7,2 63,45 47,19 32,38 12,4 24,40 49,4 72,10 88,25 92,3 2,22 11,29 4,23 22,16 26,10 52,47 95,13 39,26 3,16 89,16 54,38 43,21 17,1 70,29 19,47 73,45 41,27 27,21 68,32 82,26 79,47 77,39 67,4 80,7 16,32 55,41 64,32 60,35 31,6 44,19 87,29 51,48 6,22 75,1 69,13 96,45 5,7 78,22 97,23 66,37 83,23 57,27 34,42 76,40 35,35 86,5 65,38 61,32 71,40 91,21 33,4 20,4 0,5 81,28 37,38 14,29 56,43 94,41 84,49 59,29 21,2 29,23 58,10 90,16 85,42 13,43 30,34 93,33 8,48 9,49 10,28 15,5 74,30 46,30 53,33 1,45 18,42 45,8 62,30 98,2 38,26 
1: 26,36 46,28 92,44 60,5 27,43 48,45 67,49 64,40 34,24 29,22 58,48 86,40 12,25 72,16 45,17 36,18 59,22 76,44 4,7 96,2 24,31 55,35 85,38 33,7 94,29 23,21 99,32 3,1 37,47 44,12 35,32 82,28 8,49 56,25 62,38 97,44 6,35 69,20 14,45 10,24 79,37 88,6 18,28 98,35 84,6 9,31 30,16 2,20 77,40 61,5 66,37 40,9 57,49 38,8 31,37 39,4 65,35 68,22 50,31 80,48 87,39 22,34 93,4 47,29 5,5 70,26 41,39 54,49 21,48 51,8 11,23 19,13 89,42 95,31 28,44 43,36 63,1 15,37 25,10 13,7 16,16 91,7 74,7 52,32 20,12 83,28 7,16 71,3 49,6 1,23 73,5 0,44 32,23 81,49 42,6 75,27 78,32 17,23 90,10 53,9 
2: 7,9 4,31 47,30 32,23 54,13 92,19 0,30 68,7 94,34 25,5 35,44 49,39 91,5 22,28 56,3 75,25 45,31 70,17 81,34 24,0 65,10 86,40 1,0 72,28 89,41 38,1 6,32 26,36 44,10 78,15 83,35 3,31 5,29 12,18 30,38 58,31 97,4 76,2 85,15 18,42 95,9 20,48 55,21 29,49 57,34 34,39 90,15 13,24 11,1 2,2 40,13 84,10 93,36 52,27 79,1 19,7 51,29 73,43 23,42 63,12 99,46 64,0 48,10 53,38 46,5 80,14 42,41 21,7 17,13 62,15 8,32 16,33 10,17 77,1 15,34 33,19 67,10 36,44 37,44 50,2 31,18 98,23 82,2 9,47 69,24 27,45 39,12 88,27 87,13 28,7 74,16 96,14 60,42 14,23 59,13 66,11 43,36 41,44 61,14 71,30 
3: 18,17 60,1 29,17 62,35 68,49 28,38 40,29 96,10 79,39 56,36 26,19 30,48 31,36 67,39 46,5 75,39 87,45 59,46 94,26 12,34 70,37 14,2 54,6 57,24 95,5 1,14 91,39 25,29 50,30 98,5 99,36 34,38 74,38 19,31 41,43 8,14 64,37 89,49 6,6 5,20 39,4 9,30 86,49 16,42 3,26 63,8 21,0 65,32 55,29 58,8 73,24 80,38 42,20 33,23 83,42 82,0 51,27 69,45 44,6 35,12 72,35 37,48 27,34 11,44 84,5 92,3 47,44 85,37 20,25 66,35 53,5 77,22 52,3 13,49 0,40 23,12 7,44 2,15 61,11 71,29 78,42 76,35 90,36 4,49 22,48 43,29 81,3 24,7 15,40 32,46 93,17 10,15 36,1 48,13 49,45 38,35 45,9 17,10 88,45 97,48 
4: 51,18 52,49 90,26 70,13 4,19 1,45 61,12 85,17 94,8 82,1 89,0 64,24 66,39 65,31 92,39 0,45 15,21 96,30 43,29 29,35 74,20 53,41 80,18 46,45 98,32 69,13 18,21 49,19 84,5 78,10 32,16 62,12 87,4 81,30 72,2 60,41 83,27 45,13 14,46 5,25 91,20 23,2 33,11 59,21 38,20 76,29 17,17 25,2 7,36 34,36 73,11 20,24 41,13 71,42 48,31 55,33 54,41 35,37 3,49 86,18 99,47 22,45 47,34 42,18 63,32 11,32 16,15 24,36 21,1 13,47 77,30 2,46 31,42 19,39 28,11 79,48 67,26 26,14 10,24 39,5 95,35 6,42 97,34 44,22 57,20 75,39 30,40 88,23 8,49 93,48 68,26 37,49 12,12 58,33 40,47 9,32 27,37 56,19 36,21 50,34 
5: 40,42 19,43 32,2 67,1 10,27 73,11 16,3 31,24 85,30 41,14 63,44 52,25 66,14 93,24 0,2 98,5 75,21 82,9 56,42 74,36 81,34 68,6 8,49 65,49 39,13 76,1 26,8 89,27 36,9 29,44 18,13 11,13 13,40 14,14 34,13 83,25 70,15 24,20 22,24 15,12 61,20 64,29 57,31 88,43 9,39 47,34 21,13 95,20 20,18 28,43 4,0 69,46 78,11 94,49 46,23 49,7 72,45 50,5 7,16 2,26 33,2 38,7 99,22 44,21 27,25 48,4 87,4 3,39 35,43 59,16 45,37 42,14 6,23 62,38 79,2 90,48 58,38 91,4 17,15 54,10 23,21 84,28 1,11 30,9 77,4 37,18 96,25 71,21 60,25 97,48 53,0 51,40 55,44 86,12 80,17 12,12 92,25 5,24 43,42 25,27 
6: 94,5 38,44 95,45 72,47 75,37 23,1 86,44 25,4 64,20 71,42 89,26 39,35 46,1 29,44 55,35 83,24 68,25 57,19 65,21 35,8 98,4 48,23 67,34 28,30 44,37 49,20 27,10 90,43 51,49 52,2 34,21 85,45 76,13 14,7 92,0 7,24 77,5 69,4 40,28 30,23 6,26 1,25 19,9 91,40 42,7 66,10 33,38 12,6 22,26 4,11 82,0 60,42 5,24 81,21 54,34 37,14 3,49 80,24 17,32 79,33 13,40 63,16 88,0 43,47 56,32 78,47 93,15 32,46 36,6 59,24 97,30 18,32 58,48 73,18 84,9 20,28 9,28 62,32 11,34 15,25 99,44 26,46 70,14 47,38 16,3 2,45 41,15 21,20 50,40 45,22 87,48 96,0 8,19 53,26 0,45 74,46 24,10 31,46 61,7 10,9 
7: 8,48 21,18 32,3 38,9 77,42 35,10 11,2 56,25 0,19 95,40 85,34 96,18 86,7 47,39 51,37 27,18 76,16 62,46 66,23 30,29 65,10 15,10 55,5 80,41 60,12 29,12 4,23 39,17 94,4 18,9 45,38 93,46 92,12 52,4 90,9 13,11 40,6 1,17 49,16 43,18 14,7 44,23 50,14 69,20 7,22 46,41 70,43 58,14 88,20 6,19 67,49 19,16 31,31 57,17 33,23 9,16 68,30 72,41 5,22 37,21 42,34 87,39 48,38 20,41 22,48 25,24 12,0 34,13 97,29 53,32 59,16 99,29 17,27 71,11 16,13 98,42 64,9 24,20 75,20 91,24 73,6 28,12 36,21 84,36 79,21 54,43 63,24 41,43 81,34 89,27 74,20 78,36 10,30 3,22 26,14 23,49 83,25 2,45 61,7 82,21 
8: 96,31 55,44 0,20 9,36 54,2 88,7 83,42 6,18 40,22 91,36 64,17 52,19 4,6 34,47 85,17 35,3 3,45 70,45 81,0 78,30 18,40 10,7 37,44 50,41 25,16 16,26 36,47 38,16 7,4 92,32 58,31 87,45 77,45 99,42 63,14 17,4 76,39 19,39 42,18 22,6 45,4 68,43 11,33 28,22 29,40 49,23 20,45 71,19 32,38 47,49 13,27 98,38 65,47 44,22 90,28 66,3 61,27 12,28 72,27 15,29 62,14 94,28 97,23 80,40 46,26 67,40 43,29 31,34 33,20 79,15 73,27 51,47 74,26 26,46 57,9 2,16 39,2 60,37 93,38 86,37 95,22 59,11 30,0 24,38 5,17 82,45 75,43 21,42 14,43 23,24 27,44 53,25 69,8 48,37 84,1 89,20 41,48 1,2 56,21 8,22 
9: 84,17 67,11 69,7 97,43 17,31 30,48 80,46 38,6 2,41 94,17 91,28 45,5 73,42 10,39 29,39 6,29 36,45 96,4 44,49 76,48 99,43 32,44 46,8 37,10 53,20 54,1 85,26 21,34 93,13 72,21 90,20 0,21 61,25 86,14 83,17 64,14 81,45 78,15 8,29 5,36 66,36 88,12 47,13 70,9 58,48 3,13 39,22 14,23 27,13 59,25 34,43 42,14 49,44 52,2 60,31 74,18 68,1 77,8 16,6 40,22 79,47 15,9 43,22 57,20 25,7 33,3 23,4 4,8 71,10 48,31 65,22 51,44 82,15 7,37 63,23 1,41 98,31 22,6 56,27 13,3 26,15 50,17 11,10 55,27 24,11 41,45 87,38 95,45 75,30 19,38 35,7 12,39 31,10 89,36 62,0 28,32 92,4 18,31 20,25 9,5 
10: 41,46 33,40 90,23 60,6 7,25 6,6 87,24 80,32 91,25 24,31 73,0 61,37 88,10 59,9 10,23 65,24 46,3 28,45 50,9 84,37 57,24 54,31 64,37 62,15 9,13 32,4 18,45 69,40 12,2 43,28 1,39 11,8 0,8 40,5 52,22 75,39 25,2 29,22 77,36 92,48 68,30 13,28 53,28 66,16 74,35 35,35 36,26 95,4 70,36 85,35 3,32 14,0 4,46 83,28 31,23 16,41 96,36 15,40 97,20 78,42 99,30 21,10 48,19 38,3 5,37 39,15 22,38 2,42 79,40 71,45 34,42 27,38 58,45 55,2 23,18 51,19 94,26 45,14 56,20 81,12 20,20 26,31 37,36 82,5 49,37 98,40 47,5 44,8 30,23 93,29 17,47 63,43 42,20 76,19 86,48 67,48 19,34 8,0 89,8 72,11 
11: 17,9 30,45 49,0 52,25 35,6 82,2 22,38 66,36 1,12 44,35 88,5 94,43 14,9 59,25 34,16 90,34 45,28 61,2 74,22 87,6 85,7 62,35 36,5 23,44 67,14 53,34 16,28 19,10 81,3 79,40 46,8 29,27 10,4 98,41 51,0 58,24 26,29 21,30 27,33 50,41 60,23 97,1 31,6 39,48 73,14 80,6 78,14 68,10 65,38 95,26 76,24 47,1 64,10 56,38 25,9 96,14 69,29 55,25 6,40 37,6 41,12 71,38 3,11 12,2 13,39 48,19 2,18 33,9 86,39 63,1 70,2 93,17 4,42 77,7 18,17 72,41 84,41 11,18 9,41 75,49 8,10 54,18 15,41 42,46 57,14 40,13 99,6 7,9 5,29 20,3 91,33 0,12 24,21 89,24 32,25 43,9 83,15 28,46 38,13 92,33 
12: 8,10 27,47 50,4 52,3 62,41 76,14 47,3 68,19 45,32 15,30 79,11 41,37 13,2 26,48 75,5 11,38 9,11 7,1 39,8 94,12 28,20 23,6 3,11 20,9 80,41 84,47 0,4 67,32 86,28 89,45 14,15 10,22 74,44 97,14 83,8 49,3 22,16 78,4 51,14 88,48 82,18 99,22 72,45 19,30 61,31 40,6 65,10 21,40 16,27 6,6 55,16 91,16 48,0 64,8 32,2 5,46 77,35 92,18 60,26 2,29 25,39 59,45 46,47 53,15 43,12 30,16 69,4 81,6 66,24 37,13 18,42 31,37 36,30 87,5 63,6 33,24 56,43 58,8 96,0 70,25 85,38 54,45 95,11 71,31 12,31 38,45 24,18 29,29 35,19 42,46 17,10 90,40 57,8 93,8 98,31 44,10 1,6 4,41 73,49 34,20 
13: 9,6 93,30 4,14 95,32 25,45 71,13 30,0 45,21 53,16 81,3 14,9 23,29 34,35 57,17 42,45 7,7 89,15 24,43 47,47 63,39 96,28 3,43 82,40 18,30 68,5 73,40 74,30 50,47 21,30 56,45 39,29 55,47 66,10 60,18 15,1 26,28 38,43 78,49 33,17 51,25 11,7 70,12 35,28 85,46 6,14 31,3 16,27 62,36 20,3 22,19 28,31 32,35 87,24 1,14 52,5 88,21 40,44 98,19 5,47 94,13 2,25 58,3 43,18 72,23 10,4 59,26 54,2 49,18 80,26 61,24 76,8 77,33 92,9 99,28 36,48 65,34 13,22 67,38 75,46 0,0 79,27 83,35 97,22 91,48 37,8 90,3 19,1 46,7 69,1 12,26 86,46 29,19 41,22 64,2 27,37 17,5 44,40 84,44 8,43 48,13 
14: 24,34 70,44 77,39 91,48 85,9 44,35 59,28 93,49 41,27 57,12 61,18 37,35 82,2 13,31 86,2 92,40 19,40 17,31 47,32 97,31 36,15 12,12 94,43 65,35 21,41 60,24 95,25 7,43 75,3 33,38 23,35 3,6 28,22 35,0 43,27 63,41 6,25 56,23 58,2 39,48 90,14 5,44 40,22 42,48 4,15 55,0 71,1 72,11 0,41 52,10 25,48 32,38 48,31 99,27 9,41 69,46 98,4 53,24 74,2 38,22 66,32 68,26 45,30 80,16 78,2 1,14 73,0 27,19 49,44 18,42 11,10 46,45 88,13 51,19 29,47 20,46 14,16 62,44 8,24 84,31 96,0 87,21 26,5 50,18 81,14 31,25 34,20 30,1 79,36 89,42 15,42 22,6 64,40 83,29 2,41 16,12 54,49 67,17 76,40 10,44 
15: 3,32 67,19 59,0 36,46 31,1 88,26 29,32 0,5 51,46 47,36 64,37 8,26 96,0 5,12 41,34 62,44 33,7 49,46 84,46 79,21 74,44 46,6 68,38 86,48 7,32 56,27 25,26 6,27 82,15 9,15 97,32 54,18 45,44 42,16 35,21 23,14 4,23 44,26 94,37 13,1 27,15 69,40 75,46 98,46 53,5 55,4 19,22 39,0 90,0 20,22 37,1 57,48 34,6 89,34 65,17 14,37 66,43 60,18 43,48 11,42 30,13 80,17 99,27 61,26 10,12 87,48 21,20 17,14 81,11 40,11 91,40 18,49 76,12 26,13 72,19 1,13 58,46 63,24 92,2 38,45 48,23 83,32 93,14 24,36 16,7 85,16 71,15 12,4 77,13 15,10 52,32 50,31 22,12 28,20 73,34 95,1 70,39 78,10 2,13 32,34 
16: 71,17 8,21 22,41 48,46 76,17 32,21 46,34 50,44 41,17 12,16 34,31 61,11 65,24 98,21 11,30 47,30 77,25 75,1 5,31 52,18 90,34 38,30 97,43 74,48 58,3 63,23 7,20 6,18 43,11 94,4 99,14 79,26 49,17 20,30 53,36 70,25 2,4 33,7 95,38 42,12 67,35 21,10 62,39 51,22 4,9 44,8 59,15 78,20 57,26 18,20 69,37 17,31 88,44 37,11 16,18 68,12 83,16 86,37 27,4 81,27 31,46 36,41 14,35 0,14 13,38 35,48 30,36 23,34 84,37 10,0 40,19 72,46 3,44 55,25 92,14 15,42 82,39 24,37 73,22 39,18 89,27 64,13 66,0 60,24 19,23 29,19 87,9 91,37 1,12 80,12 26,16 93,28 54,48 28,29 56,34 96,1 45,33 9,33 85,20 25,20 
17: 90,20 63,21 6,46 96,41 64,31 8,3 94,46 5,48 47,44 38,20 93,21 60,23 31,12 14,12 71,12 11,36 87,8 41,46 15,45 68,21 43,24 73,40 37,21 88,1 16,42 49,35 98,29 4,21 10,23 33,2 9,35 21,19 53,23 0,49 61,27 66,13 45,4 55,45 92,23 26,42 95,30 85,42 74,25 17,15 19,10 62,3 56,10 52,1 3,20 35,22 65,4 91,30 75,4 58,30 72,44 83,1 77,20 12,33 44,40 2,47 48,22 99,4 84,7 89,39 18,6 54,34 51,46 28,24 29,5 81,8 59,25 70,3 69,7 86,18 42,5 22,15 57,28 79,3 39,2 13,46 23,1 82,43 1,23 7,48 76,7 27,6 30,18 50,28 36,29 20,4 32,47 24,8 80,27 34,34 67,19 78,1 97,31 25,47 46,37 40,3 
18: 38,41 64,28 85,31 47,13 52,48 55,30 74,5 41,12 95,8 57,19 24,48 62,11 22,35 75,43 39,30 63,24 0,28 53,40 20,16 84,11 10,36 11,43 14,17 32,45 48,25 44,8 83,28 50,31 51,22 25,46 65,6 92,7 31,27 91,19 40,41 19,17 17,49 8,28 3,14 37,21 69,21 78,25 5,37 16,11 35,48 28,23 6,4 33,6 9,11 89,41 2,39 30,3 97,12 7,41 29,25 90,37 59,8 42,45 45,21 68,4 70,36 61,21 94,33 72,32 81,19 34,7 54,36 79,19 98,38 1,3 73,10 87,41 36,2 43,5 76,48 23,43 96,22 49,19 86,22 77,43 18,3 93,5 46,9 13,4 82,47 99,34 58,4 66,48 67,23 60,33 12,10 4,25 71,2 88,36 56,0 26,46 80,4 21,44 15,12 27,33 
19: 58,28 62,49 9,33 36,40 32,44 96,44 38,17 35,30 21,21 18,35 56,7 98,13 31,22 51,4 61,14 60,49 12,2 30,6 5,0 33,23 90,14 4,31 59,12 1,28 10,26 16,8 6,0 17,12 24,41 75,4 37,24 67,32 81,4 28,5 68,39 7,20 50,11 92,43 93,18 78,7 20,2 53,7 2,11 99,1 48,48 65,4 14,15 55,41 52,14 27,36 83,41 22,37 89,34 72,42 19,44 34,43 39,22 76,49 15,21 44,45 47,6 29,23 3,45 71,47 88,0 82,38 46,32 57,37 63,24 49,46 64,8 11,19 86,1 41,14 94,14 25,38 97,0 79,6 74,37 95,33 73,10 91,26 43,23 0,38 85,23 23,42 40,40 8,41 69,34 70,20 87,17 84,8 26,13 13,11 66,16 45,4 77,12 42,48 54,1 80,5 
20: 48,22 59,3 81,21 62,38 3,37 44,7 97,8 80,1 1,24 37,3 60,20 24,45 52,23 42,5 14,8 96,14 46,0 43,12 12,3 7,28 56,23 76,42 18,25 35,39 53,42 82,32 57,16 40,0 86,39 33,34 78,29 99,48 85,27 21,23 32,17 17,44 29,35 54,46 95,39 26,37 39,43 50,14 34,24 61,19 70,44 92,9 10,42 88,5 4,2 79,31 23,39 30,34 64,27 0,1 55,20 91,48 68,2 5,2 8,4 51,46 67,9 45,39 13,42 15,39 38,35 20,39 63,32 22,21 90,26 65,38 74,39 27,36 87,33 66,8 73,20 77,12 84,10 9,23 98,26 47,16 28,31 36,39 58,40 71,26 83,11 93,38 2,9 75,4 16,47 89,5 31,17 72,6 41,47 6,15 11,37 25,46 94,37 19,26 49,18 69,40 
21: 53,46 21,16 60,21 56,14 33,49 22,34 75,12 43,6 13,34 6,4 25,19 26,33 89,12 3,5 18,1 97,39 23,17 20,29 51,29 66,10 36,29 64,38 58,18 85,21 81,31 73,33 50,14 55,17 31,36 80,29 4,35 71,10 94,48 93,21 54,32 78,47 72,41 91,8 30,24 19,4 67,22 90,10 44,22 11,19 86,47 9,19 96,0 45,31 0,6 29,7 10,37 69,20 37,35 40,44 79,22 46,14 82,30 32,46 16,34 28,14 83,9 49,15 77,6 5,48 76,45 59,39 61,40 98,21 99,47 38,33 84,49 17,49 88,9 24,18 48,13 70,29 14,0 35,4 68,11 8,32 34,44 92,37 95,9 15,27 12,29 47,44 74,6 7,10 62,9 42,38 27,33 52,1 63,3 2,38 1,47 57,15 39,20 41,29 65,13 87,49 
22: 41,41 49,17 91,46 2,0 94,37 81,45 68,8 48,15 60,34 98,31 36,32 22,29 34,49 21,41 33,23 25,32 39,15 76,15 30,18 55,24 79,24 27,6 99,35 67,9 84,46 37,4 35,27 45,42 50,46 46,1 6,33 87,2 23,27 51,44 95,41 80,8 3,6 70,6 20,19 43,45 93,45 9,30 16,34 13,33 85,36 63,34 10,19 74,25 89,11 0,24 47,16 44,21 56,47 42,49 75,26 86,24 5,24 53,39 66,18 15,3 40,33 31,7 52,1 7,31 18,40 72,46 32,9 62,19 61,8 14,24 26,37 28,30 64,35 97,6 96,24 92,25 73,14 17,14 83,13 29,9 90,16 88,18 11,22 1,15 38,13 57,6 59,13 24,6 82,4 69,26 19,14 77,21 58,30 4,2 65,29 78,28 54,16 12,25 8,5 71,1 
23: 56,45 7,1 10,15 47,10 35,48 45,49 8,37 64,36 99,12 58,11 61,48 89,49 84,30 17,29 18,35 75,20 25,35 62,20 28,17 78,31 46,42 49,16 33,34 21,44 53,11 37,22 69,25 14,45 42,30 26,17 40,24 32,45 48,27 4,38 92,4 3,45 43,47 59,47 63,2 12,0 36,5 86,8 6,22 55,25 1,45 60,13 74,19 97,12 38,45 80,29 54,30 19,24 68,26 81,30 87,10 50,14 93,31 39,0 9,27 73,12 77,47 24,22 90,25 31,19 70,39 16,9 94,4 13,48 5,22 41,41 91,19 27,16 72,4 82,23 65,17 95,40 11,22 67,34 52,17 79,30 22,34 34,46 57,4 29,20 85,3 83,33 51,14 23,10 20,33 30,3 98,18 66,32 88,16 2,48 15,4 0,3 71,2 96,38 44,48 76,27 
24: 16,9 91,23 9,17 85,29 64,37 94,13 34,41 70,6 3,34 98,37 35,14 99,23 55,32 7,49 58,6 56,32 54,42 8,43 60,35 93,36 27,38 14,15 95,33 12,2 80,45 50,6 29,18 22,26 97,39 47,4 23,38 19,29 83,16 66,46 82,47 92,33 52,1 45,47 77,43 90,43 26,19 67,22 10,14 17,22 65,17 88,26 13,37 72,22 46,38 89,2 44,1 20,11 49,1 1,4 2,23 30,14 32,23 21,14 41,19 42,28 11,7 69,11 75,1 68,1 5,42 0,9 87,27 15,31 71,49 79,48 73,5 6,27 31,28 53,11 57,27 25,2 74,39 4,15 63,43 81,39 38,3 51,30 84,14 86,36 37,1 40,17 96,49 33,5 61,24 18,33 36,37 62,25 43,27 78,47 48,3 24,23 28,2 39,21 59,21 76,23 
25: 15,5 47,10 24,48 10,29 52,10 3,2 55,34 83,2 96,22 26,38 20,19 41,21 72,6 98,43 5,9 85,47 36,34 51,3 43,17 23,41 73,29 30,13 75,24 16,28 67,20 92,7 40,16 31,24 70,3 7,3 88,46 76,30 77,20 27,0 59,44 38,14 66,48 48,15 97,38 4,42 13,46 49,49 86,20 37,19 74,34 87,3 71,33 53,35 50,17 69,46 1,39 0,32 2,7 82,39 32,33 61,14 6,49 35,48 80,0 57,33 81,41 45,23 25,26 28,5 8,36 14,47 95,11 79,25 90,22 93,29 78,34 60,40 63,35 56,12 91,22 46,8 11,32 54,25 58,38 18,8 12,31 9,19 89,45 22,20 84,46 68,47 62,47 44,8 94,0 99,5 34,18 42,28 17,35 29,44 64,13 39,32 19,25 65,11 21,47 33,27 
26: 51,33 55,2 67,7 16,43 21,28 75,44 65,13 32,18 42,7 8,32 20,46 9,25 26,37 60,8 77,18 57,45 69,14 59,37 31,29 73,27 64,6 48,33 17,48 66,26 47,20 25,5 81,7 11,39 61,22 40,38 43,1 52,33 24,12 1,25 87,33 18,12 4,45 83,22 19,19 23,43 13,7 92,11 78,26 56,22 99,28 45,26 29,8 58,46 89,26 63,19 62,6 14,2 70,19 22,40 41,19 90,42 0,37 34,41 82,16 80,35 71,17 30,38 6,37 50,12 95,6 76,20 27,3 98,5 72,42 86,47 93,4 85,43 97,8 10,7 38,42 44,24 2,24 3,25 5,38 46,41 96,34 79,8 33,18 74,0 35,22 12,13 68,3 7,16 39,4 49,21 54,47 88,47 15,48 84,48 36,8 28,43 37,20 94,27 91,41 53,21 
27: 26,44 97,37 48,49 96,10 23,47 14,21 39,15 67,13 68,27 72,3 28,26 0,44 56,0 47,19 60,2 9,5 58,11 40,33 41,9 5,37 61,34 25,12 64,4 20,3 62,21 36,24 44,1 24,17 55,12 99,3 12,26 50,1 63,20 59,40 35,19 32,40 19,7 83,25 34,46 90,49 37,38 33,49 4,41 91,7 98,34 65,15 77,13 70,35 87,11 2,0 10,18 38,44 78,26 92,30 46,24 69,32 88,36 84,45 86,33 52,30 7,42 73,35 16,26 79,34 30,44 54,12 76,32 66,4 49,6 29,47 8,10 81,41 11,0 89,48 80,27 18,6 71,26 53,11 85,9 94,17 6,43 1,24 27,4 3,7 75,6 13,45 95,46 82,9 42,2 74,49 17,11 57,26 45,43 31,29 51,5 15,24 21,3 93,7 43,43 22,39 
28: 21,36 73,37 71,11 52,34 78,23 75,43 86,30 3,4 58,35 11,10 68,23 57,4 19,41 59,7 30,44 54,26 76,15 79,13 97,36 44,44 15,5 36,10 56,45 7,8 42,44 34,48 82,23 12,24 77,20 85,21 33,21 4,40 23,21 62,1 99,38 51,2 95,38 40,38 18,10 0,27 50,45 65,48 29,32 55,22 91,35 80,42 9,9 32,33 84,18 17,5 48,37 27,9 43,12 74,2 47,48 96,2 64,2 16,0 61,2 24,43 93,4 37,33 31,20 38,27 22,12 28,17 5,10 92,16 41,39 63,28 70,4 14,3 20,35 69,17 60,46 94,10 89,10 72,7 67,42 6,8 25,46 87,29 49,3 88,27 53,34 35,49 45,39 2,23 39,39 66,34 81,45 13,21 83,38 46,15 90,11 8,40 1,8 10,29 98,38 26,20 
29: 43,48 23,12 84,45 79,34 33,36 54,31 58,39 28,12 16,13 69,34 50,4 40,31 44,37 64,44 86,41 60,4 15,17 34,34 2,7 22,20 13,15 7,26 82,8 52,27 83,11 18,23 8,39 78,4 4,27 55,32 57,43 61,40 39,30 93,16 0,8 70,49 32,11 20,38 35,21 14,29 45,18 53,31 98,3 94,20 63,17 59,29 97,6 48,34 42,28 66,40 30,29 5,20 38,16 65,43 49,10 72,34 80,27 87,30 6,19 81,2 46,9 36,12 73,46 96,37 76,17 25,15 99,13 9,8 29,35 24,33 37,14 1,13 47,27 3,18 27,21 31,7 95,27 67,26 12,6 91,34 26,39 21,32 56,22 85,43 62,24 89,20 17,10 10,27 90,29 71,16 88,9 11,31 51,32 19,28 77,19 74,12 92,31 68,7 75,45 41,15 
30: 75,11 8,2 25,20 39,48 17,32 66,3 85,36 82,37 51,33 90,42 37,42 70,5 22,0 34,33 71,28 41,32 15,46 27,36 61,7 95,21 56,4 11,0 43,3 48,27 19,29 24,2 26,40 72,41 10,18 42,28 73,7 92,37 29,35 50,9 31,7 80,47 55,35 59,30 12,34 96,0 33,45 63,14 1,20 7,9 74,32 76,16 4,11 54,2 97,48 53,40 20,13 13,19 32,22 67,30 0,36 57,13 94,49 49,13 77,4 14,14 60,14 78,31 18,23 52,18 21,8 46,33 6,22 16,30 30,41 68,49 88,10 36,30 45,4 93,7 5,17 99,8 23,32 83,20 87,1 89,30 79,34 47,3 58,4 40,24 28,6 91,18 98,16 3,33 35,42 9,24 65,34 69,44 64,30 86,22 38,32 2,27 84,27 62,43 44,29 81,32 
31: 88,5 87,6 48,40 80,14 54,17 74,3 10,49 1,29 9,33 99,14 23,18 84,19 31,31 0,0 30,26 37,20 66,22 82,42 44,18 78,39 62,24 86,4 72,36 27,23 49,17 13,17 20,18 98,20 8,43 29,40 5,49 61,47 51,48 14,30 25,5 73,37 42,25 38,18 39,40 63,34 12,29 2,10 57,44 96,0 92,14 94,33 89,45 91,24 60,9 32,1 53,36 21,12 97,7 4,13 6,26 76,49 46,12 28,0 69,44 35,44 33,3 7,13 18,26 71,31 43,32 70,18 95,5 22,44 79,12 56,5 11,42 55,16 58,30 68,38 75,48 41,34 93,26 85,48 16,40 90,16 15,20 40,43 24,19 83,19 52,4 81,35 3,5 64,36 45,8 19,31 36,26 77,24 26,15 59,23 67,41 47,16 17,32 34,13 50,25 65,14 
32: 25,31 27,37 35,49 3,37 46,3 5,32 31,33 14,47 60,14 66,9 75,19 52,47 13,25 17,2 24,0 18,29 72,3 32,39 59,23 86,37 2,16 53,4 28,25 6,42 7,13 67,48 87,14 69,15 62,25 16,2 81,26 1,32 80,47 83,11 37,2 58,7 11,13 70,14 98,33 4,3 23,23 12,2 89,13 34,13 97,31 54,43 78,32 33,28 73,40 15,44 56,38 68,47 79,15 26,24 19,0 38,18 10,3 85,23 41,44 45,36 88,33 64,10 99,47 57,16 94,48 22,0 91,39 0,45 84,9 40,25 71,13 76,48 82,31 48,48 44,8 95,2 9,1 43,37 20,43 51,32 61,49 50,16 55,35 39,35 47,39 65,24 30,48 77,40 93,49 74,24 36,45 21,29 96,32 42,29 29,6 63,38 8,21 90,26 49,2 92,17 
33: 10,43 21,7 9,27 72,16 23,14 40,16 57,12 7,39 37,37 16,31 97,2 0,36 43,48 51,22 69,0 20,10 29,47 96,16 46,39 17,43 35,43 36,8 87,7 95,35 59,3 27,47 13,13 71,41 34,42 2,12 64,47 63,0 26,35 74,31 80,37 25,22 19,0 41,14 49,42 98,26 76,21 67,12 4,34 5,2 68,1 53,40 84,17 73,48 58,13 83,4 11,14 48,40 81,19 62,21 82,34 86,0 66,24 15,27 28,16 44,17 91,40 6,37 14,43 99,36 92,12 54,20 85,47 3,17 52,39 78,0 61,21 50,36 70,17 89,7 22,12 79,18 56,35 30,8 45,34 55,27 32,37 39,33 33,34 88,19 8,22 24,33 65,21 12,29 77,9 42,9 94,1 60,28 31,38 75,1 18,38 1,38 38,46 93,35 47,31 90,2 
34: 89,12 73,48 2,16 96,40 61,14 74,27 84,32 95,41 4,33 69,42 57,16 31,49 71,26 92,4 20,45 75,32 86,24 62,40 23,31 53,48 91,1 88,31 35,47 58,16 82,31 10,34 13,47 48,48 59,25 6,27 40,11 54,0 38,38 41,40 17,30 65,44 29,10 30,48 83,30 1,38 45,0 19,44 42,19 44,26 28,35 79,43 3,19 55,30 22,13 5,15 67,15 21,20 24,12 32,49 49,11 78,23 66,3 11,12 16,25 36,34 26,31 0,3 64,43 7,24 85,7 12,7 72,40 87,38 27,0 80,27 94,18 76,25 37,21 63,26 50,39 68,15 9,5 81,22 47,10 18,45 14,19 60,12 90,20 98,17 33,0 93,48 15,33 52,35 97,18 39,15 70,13 43,23 77,34 56,46 34,31 46,18 25,43 8,37 51,14 99,45 
35: 36,10 17,6 37,13 35,25 10,11 47,34 71,38 13,26 6,46 81,1 42,29 23,18 1,11 52,25 95,10 9,37 51,41 4,25 77,26 83,45 28,10 40,45 14,49 57,12 63,13 66,40 43,40 29,1 86,8 0,28 62,40 48,32 34,45 60,13 41,5 50,45 59,36 22,17 53,35 2,41 21,36 20,22 56,7 67,12 93,49 27,32 11,21 33,21 89,19 5,36 16,8 55,8 78,31 64,1 72,12 39,34 74,47 18,3 88,0 26,2 98,40 99,28 91,27 12,47 8,44 15,42 96,47 79,47 25,25 94,36 92,46 46,43 61,16 69,37 70,38 80,6 19,28 30,48 84,35 44,48 45,47 32,32 68,34 73,4 49,38 65,31 85,12 87,42 38,16 3,28 58,35 7,17 76,18 82,16 90,23 24,37 31,22 54,8 75,1 97,35 
36: 39,30 84,7 95,31 90,31 19,42 72,36 75,35 25,6 42,47 16,23 6,46 97,23 40,37 8,36 80,29 7,11 10,38 60,14 67,32 68,32 13,32 78,9 23,45 41,2 50,5 3,20 71,13 21,1 87,6 30,7 76,47 88,29 52,20 53,40 93,25 15,0 24,11 62,10 91,47 47,23 33,23 94,16 11,2 17,2 27,44 4,6 12,49 2,11 43,17 69,15 57,8 96,27 61,16 79,20 22,8 86,4 34,21 66,43 36,49 9,2 82,24 70,46 31,46 38,23 64,5 74,43 5,13 44,9 73,14 54,11 63,42 26,11 35,35 49,47 77,5 99,19 58,30 98,10 0,11 92,23 89,20 32,13 65,17 81,28 83,23 56,46 14,24 28,19 45,49 59,22 51,25 37,12 20,1 18,19 29,35 48,2 46,13 55,30 85,16 1,43 
37: 65,34 25,49 11,4 34,9 22,47 36,11 59,37 64,3 8,35 53,47 49,37 85,23 54,22 44,31 26,9 33,36 89,16 13,1 80,23 30,26 82,0 76,33 98,5 56,9 24,15 71,16 88,6 83,4 15,34 32,21 35,1 81,28 7,12 52,39 68,48 75,34 10,43 96,46 77,11 70,19 28,10 73,31 50,17 79,23 29,0 97,20 39,47 95,48 48,33 40,21 86,43 61,39 51,29 58,33 46,17 94,23 4,47 57,28 92,47 69,11 66,22 55,12 5,6 42,39 9,24 16,29 91,27 19,27 23,26 12,47 20,23 18,27 41,13 31,23 3,6 27,13 63,17 67,41 99,48 2,11 6,40 62,22 45,20 37,31 43,40 78,23 87,30 38,45 60,13 14,28 17,17 72,40 74,12 93,16 84,24 90,2 1,18 47,5 21,8 0,17 
38: 16,46 28,37 48,43 14,10 2,31 29,8 39,15 58,31 13,41 56,10 94,15 43,6 46,18 33,42 49,38 40,35 73,33 66,24 77,14 0,42 12,17 86,33 61,2 59,6 38,49 70,9 7,40 85,9 76,12 81,33 30,19 50,17 83,2 93,36 99,17 6,5 17,18 36,16 5,37 47,27 45,4 4,21 80,0 32,35 23,6 34,12 72,19 51,34 9,12 18,49 68,3 97,40 98,19 89,14 25,47 52,13 22,34 75,41 60,10 96,16 69,26 27,46 84,13 90,28 78,4 91,47 62,39 95,24 71,4 74,37 82,14 88,29 11,45 19,44 42,5 31,33 21,14 37,31 24,4 3,40 67,48 1,0 8,19 26,35 79,31 41,3 57,46 63,33 55,47 44,18 54,41 15,42 65,41 20,0 10,5 35,10 53,4 64,11 87,6 92,8 
39: 82,27 4,43 84,14 98,25 19,4 26,20 68,2 76,47 7,45 78,33 94,21 20,27 21,47 44,37 29,5 41,32 90,18 1,27 18,8 51,6 23,3 42,28 88,28 48,0 17,24 30,34 46,41 80,1 62,25 35,49 53,36 11,46 79,22 85,31 70,48 50,6 65,41 71,0 73,46 55,9 60,9 63,9 97,44 64,0 43,7 33,13 99,47 2,43 81,11 38,22 16,37 75,14 87,27 3,41 0,17 58,7 92,31 95,13 52,22 77,39 34,39 72,16 28,21 31,4 27,23 14,31 37,39 40,7 69,25 74,33 32,35 86,14 67,39 13,1 36,31 10,15 93,3 57,7 96,43 89,24 66,21 5,7 91,33 9,0 59,47 39,41 6,15 49,49 22,25 8,0 24,43 56,7 54,44 45,9 15,21 47,47 83,23 12,30 25,10 61,47 
40: 95,25 71,44 28,33 74,45 31,27 7,49 64,23 9,32 88,30 69,38 1,12 77,29 37,34 50,40 61,23 73,14 14,6 48,17 24,27 45,13 2,37 58,32 67,4 63,24 99,46 55,2 70,15 23,1 80,23 81,34 25,18 4,46 57,45 46,23 97,7 54,24 26,12 65,30 27,48 0,35 3,14 10,5 84,37 62,38 98,4 72,42 76,42 40,40 47,2 5,49 12,21 13,11 96,17 87,19 34,0 82,38 89,49 11,2 52,17 21,29 30,18 44,1 56,43 92,33 85,10 43,3 36,23 8,9 22,34 75,36 83,1 42,21 94,41 35,33 41,2 53,26 20,7 6,21 66,48 91,35 29,49 18,49 16,20 32,44 39,18 17,8 19,14 78,31 79,34 49,8 51,17 60,12 86,6 93,3 90,7 15,38 38,31 68,28 33,27 59,18 
41: 22,35 18,11 82,31 35,34 67,7 99,37 86,27 29,1 14,2 15,41 38,12 24,3 27,40 5,14 19,46 76,4 54,10 58,21 61,46 32,26 93,45 66,26 0,45 10,11 16,24 98,2 53,10 55,48 50,31 2,5 65,5 84,27 52,37 75,23 17,1 33,17 39,35 79,38 83,2 90,8 31,23 44,29 97,6 13,31 36,45 69,47 95,7 25,49 47,4 73,46 45,42 11,3 8,19 41,4 48,1 28,25 37,24 40,28 64,29 78,45 91,17 85,13 20,14 59,1 63,25 71,48 57,34 60,12 88,23 12,24 77,14 3,30 4,24 62,21 49,25 74,4 43,49 9,1 68,38 46,33 1,2 34,1 94,39 70,13 23,29 7,12 21,41 80,24 42,28 51,20 56,14 96,11 26,1 72,3 87,26 89,15 81,25 30,32 6,3 92,28 
42: 14,19 24,47 61,5 73,24 30,10 26,25 4,9 71,18 62,44 65,6 38,39 1,11 25,36 93,37 51,44 16,14 58,49 19,29 44,19 85,17 68,11 23,32 42,36 76,30 7,45 98,27 33,1 32,20 6,32 92,1 12,5 11,42 54,18 20,19 36,16 75,13 37,22 69,43 35,16 80,19 82,4 91,32 46,46 94,37 48,43 55,48 64,13 40,32 89,12 49,36 56,45 66,42 9,0 39,7 99,15 17,15 83,23 10,3 34,33 5,30 18,34 74,12 88,46 63,18 67,36 87,46 72,9 43,19 96,41 0,5 95,37 21,37 29,44 78,15 59,4 45,33 97,4 57,33 13,8 47,14 31,6 86,21 52,23 81,2 41,20 22,20 50,23 70,11 79,45 90,13 53,43 28,34 3,48 2,32 77,17 60,0 8,14 15,31 27,2 84,48 
43: 23,30 92,44 97,14 58,16 35,13 89,49 25,30 20,12 67,42 18,2 61,45 81,13 24,12 73,24 6,12 93,22 34,27 38,27 62,18 27,18 72,42 17,40 47,5 39,37 87,41 26,49 52,49 94,43 82,9 16,13 10,38 86,2 56,12 74,0 98,12 29,42 95,32 91,9 71,48 80,18 85,44 21,46 43,28 42,7 3,43 64,25 77,26 66,42 8,41 75,18 1,7 54,35 76,3 79,45 51,31 49,47 65,2 45,14 50,41 59,41 37,34 63,47 69,36 68,6 88,47 53,2 84,10 33,14 11,38 57,34 9,25 44,19 12,12 70,47 78,24 2,30 32,38 31,25 30,40 90,28 15,17 60,2 96,23 14,30 19,42 46,29 7,9 40,14 22,32 4,12 55,45 41,39 0,9 28,46 5,16 36,9 48,49 13,25 83,7 99,6 
44: 3,8 20,27 44,1 78,10 98,44 40,7 49,37 75,20 60,19 39,25 66,32 34,3 4,21 47,20 14,39 84,36 45,4 5,36 32,31 13,49 79,14 69,1 37,40 73,31 24,5 41,5 92,9 55,36 31,12 57,42 29,17 94,17 36,34 65,47 67,14 85,36 1,47 86,8 9,45 87,36 70,47 43,13 83,2 35,39 54,22 6,20 82,32 50,40 51,36 77,8 91,10 59,34 11,4 8,30 10,28 96,38 28,35 23,42 99,47 93,41 17,42 80,10 38,13 0,47 27,31 26,1 33,48 2,25 89,17 21,3 74,12 95,48 81,31 76,37 30,27 71,32 90,10 16,0 46,31 52,48 53,32 25,5 68,23 7,34 19,45 48,31 63,28 64,21 42,30 58,30 97,38 15,41 61,10 88,0 18,35 62,33 72,31 12,20 22,17 56,1 
45: 22,6 80,48 25,14 9,17 20,45 13,10 77,16 31,42 44,18 56,19 98,14 69,14 81,39 12,21 83,39 18,26 64,10 1,36 43,13 17,7 74,20 79,18 7,21 65,22 54,21 46,12 16,39 48,5 37,41 53,25 84,48 41,41 70,23 26,9 93,44 30,43 89,15 15,11 36,25 91,9 42,21 67,8 28,4 2,18 35,2 23,11 14,7 29,37 96,20 27,30 99,5 3,8 19,45 32,15 50,47 94,13 57,48 92,9 51,33 4,30 45,46 60,36 95,16 39,38 75,46 0,8 97,39 21,1 82,48 40,15 55,19 10,37 8,20 71,12 68,35 49,34 66,4 87,17 34,20 52,39 5,22 58,25 88,40 78,3 73,0 33,32 76,35 62,26 47,9 11,15 38,28 72,12 6,27 61,30 85,22 63,4 90,49 86,20 24,0 59,24 
46: 64,38 52,41 47,2 10,47 49,12 66,40 15,18 21,49 33,33 19,33 59,34 83,25 2,6 3,7 6,7 22,37 51,18 68,36 74,37 80,24 90,37 99,1 53,15 16,5 44,44 32,24 23,21 36,34 95,25 86,5 45,31 14,38 37,46 5,42 77,24 78,45 75,8 41,7 92,5 55,10 26,3 58,17 79,4 30,4 82,48 87,37 35,5 63,37 39,6 12,39 73,45 67,44 50,12 13,36 72,8 56,49 48,40 85,49 20,9 40,43 34,49 71,12 0,15 25,18 70,11 28,32 76,25 24,34 27,16 93,46 94,42 43,23 31,24 1,15 61,37 46,4 69,42 84,23 96,33 89,1 54,0 60,47 98,7 65,0 4,18 29,7 7,24 57,19 81,45 8,12 97,13 17,0 88,15 38,29 42,33 91,0 11,35 62,15 9,42 18,34 
47: 19,4 14,11 90,9 7,42 82,3 33,8 96,47 88,37 48,23 10,3 3,20 28,34 22,16 32,22 86,10 2,39 45,41 85,36 42,47 76,39 6,45 81,27 80,10 61,30 34,40 21,48 9,38 64,11 36,21 50,10 60,4 57,3 66,10 89,5 39,48 92,26 11,21 79,37 72,27 54,25 97,49 18,13 83,31 17,28 75,16 23,30 63,17 13,9 0,39 58,49 46,34 84,39 4,27 68,15 98,13 38,14 94,41 43,21 27,24 31,22 52,30 71,9 30,49 70,28 78,16 24,26 16,46 29,40 55,16 53,1 69,27 74,38 20,3 26,48 8,34 87,15 37,2 49,41 93,48 12,17 25,18 41,28 44,16 47,25 56,2 73,27 59,25 77,17 91,31 15,15 40,42 67,27 99,26 95,38 62,13 1,13 35,22 51,35 5,43 65,4 
48: 52,16 18,0 73,5 71,1 45,6 0,46 82,25 15,17 5,23 46,5 39,13 42,2 23,42 36,46 67,44 13,17 41,29 1,30 70,32 31,17 65,37 38,44 25,17 76,49 93,45 7,3 77,33 37,1 62,25 84,41 58,2 89,43 44,12 21,17 95,8 50,49 90,9 80,30 30,12 26,13 83,35 97,47 74,27 91,46 68,9 3,23 9,9 78,6 27,12 61,32 28,36 85,25 81,35 8,15 17,11 56,7 53,28 48,28 10,31 19,37 94,6 2,6 6,19 60,32 40,12 66,49 20,27 55,35 87,14 63,24 51,20 12,7 72,25 75,35 43,7 16,44 57,16 33,33 14,30 47,9 86,48 4,18 92,22 24,45 79,6 69,16 11,45 32,32 59,28 34,1 22,15 96,5 99,24 35,30 49,9 88,25 54,11 29,22 64,22 98,8 
49: 14,30 87,41 61,43 32,33 76,14 35,31 28,23 56,48 75,11 17,18 60,49 99,22 86,13 24,38 73,14 81,24 70,34 21,7 31,1 0,16 93,15 3,32 45,10 91,11 40,1 8,16 58,27 65,16 77,12 48,8 97,11 15,9 74,20 83,10 68,49 20,33 4,49 59,17 11,28 9,2 55,3 46,5 72,14 84,44 92,19 88,13 41,33 10,7 2,19 78,21 54,2 29,48 90,15 47,34 34,36 82,14 89,24 25,17 66,5 12,25 37,48 95,24 38,48 16,19 52,27 18,36 23,42 42,38 1,40 26,34 98,5 5,10 80,41 71,43 6,8 22,25 57,2 64,28 19,22 49,17 69,14 36,10 27,31 53,24 62,38 94,15 96,23 63,8 67,2 43,36 51,48 50,6 39,48 13,43 30,29 44,3 7,5 33,34 79,40 85,14 
50: 44,29 88,4 76,9 79,15 93,4 77,31 4,11 49,4 86,44 17,22 33,25 13,4 61,42 58,32 8,27 25,34 30,17 23,12 69,37 10,45 41,31 59,36 39,46 1,20 21,43 26,6 2,10 56,12 27,11 43,23 52,29 95,45 99,24 9,3 57,49 94,41 6,26 70,16 12,1 51,30 7,9 19,17 63,28 66,4 67,39 42,43 92,34 47,11 64,2 16,33 20,4 35,25 84,36 29,23 5,36 14,4 37,19 45,4 97,35 0,9 50,44 40,6 73,9 82,47 32,47 28,19 53,34 75,30 85,21 72,10 36,32 46,12 3,45 11,27 62,18 65,10 38,9 68,15 80,29 55,16 18,31 71,43 78,42 87,18 24,39 96,10 98,7 91,27 83,41 81,27 74,48 90,34 31,37 22,3 48,46 54,4 15,34 60,13 89,33 34,14 
51: 89,30 21,16 34,18 1,21 74,1 94,3 62,7 65,34 7,44 80,49 59,11 55,18 77,3 99,23 54,20 68,33 24,42 79,27 48,41 17,25 95,9 28,43 63,49 22,33 42,26 31,25 47,45 16,19 82,7 25,17 36,8 12,45 8,16 87,17 56,7 11,30 51,35 38,46 58,47 69,15 81,36 43,33 85,34 53,6 20,21 60,47 90,32 67,38 92,3 52,19 40,11 19,30 5,42 45,38 46,7 49,34 3,36 35,6 96,39 66,15 30,30 76,15 6,33 15,7 73,31 84,19 71,22 98,39 18,42 93,36 78,6 9,25 88,14 4,15 27,22 44,13 57,34 83,17 41,28 13,47 14,2 37,28 75,23 26,40 64,48 10,23 61,2 32,21 33,36 70,17 50,49 2,30 23,1 39,46 72,44 86,38 97,4 0,43 29,24 91,45 
52: 89,1 24,44 83,5 72,13 79,26 37,13 65,39 23,44 43,29 64,8 77,28 58,48 8,41 66,31 30,29 32,38 88,9 13,17 93,30 7,7 85,7 2,19 29,0 27,43 36,28 86,13 47,6 59,37 68,32 34,9 76,25 97,21 52,18 74,22 57,8 81,43 12,28 14,6 17,16 18,16 31,42 45,38 56,5 33,10 35,39 15,37 44,10 0,2 3,1 41,41 11,22 49,47 99,14 82,28 21,31 46,44 95,44 94,44 55,35 22,19 90,23 19,36 5,30 38,6 78,6 71,13 80,49 50,1 75,19 1,29 67,33 84,49 39,37 62,27 26,13 40,5 53,33 91,30 98,28 51,3 28,16 20,33 4,20 25,49 42,35 87,3 60,13 16,43 73,7 96,1 54,48 10,30 61,30 70,33 63,6 92,8 69,40 6,32 48,4 9,28 
53: 47,35 9,47 24,11 66,49 76,38 3,25 13,0 50,14 18,24 80,44 33,1 2,29 5,3 95,5 23,39 86,46 90,6 57,28 11,32 12,36 65,48 83,43 84,15 38,3 55,10 14,18 17,0 49,18 28,42 40,31 70,15 88,5 22,31 29,27 98,26 85,26 44,0 77,48 34,32 73,47 20,39 26,43 75,13 52,14 64,34 58,28 78,8 56,11 37,33 53,41 6,35 32,48 1,42 92,25 63,8 39,49 48,49 97,40 81,41 59,29 89,35 35,2 91,39 93,0 0,22 7,9 19,27 36,30 30,43 42,38 74,6 82,13 94,46 43,29 60,25 4,11 27,26 96,45 68,42 15,0 54,43 41,14 71,24 87,27 21,28 16,43 25,20 61,10 69,25 79,43 72,25 46,47 10,7 51,48 45,21 99,25 62,1 67,41 8,8 31,24 
54: 48,15 70,7 32,28 28,9 56,32 63,3 82,2 76,0 1,14 69,9 13,45 14,38 65,16 23,9 45,39 87,5 71,4 31,40 92,21 77,9 17,23 74,49 86,11 40,0 30,46 64,28 53,18 42,42 47,25 27,17 34,23 44,31 52,4 51,2 75,16 84,18 38,14 72,22 50,7 97,18 35,36 95,26 85,11 91,22 43,41 60,47 54,14 22,42 81,14 24,2 68,7 16,20 55,39 78,15 4,46 29,43 37,9 73,31 62,15 6,24 15,49 36,13 58,32 94,4 96,43 61,32 66,11 12,27 80,31 67,11 57,33 59,42 79,31 7,23 99,23 11,3 8,8 3,1 49,19 10,25 26,1 89,24 0,2 33,40 39,2 9,41 19,4 83,12 41,37 46,37 88,22 20,10 25,0 93,19 2,1 98,40 5,48 90,17 21,38 18,23 
55: 56,25 12,46 3,11 31,35 96,18 22,30 97,38 47,6 48,37 0,28 46,39 7,33 67,25 15,28 37,9 33,46 41,0 14,46 72,6 69,38 9,19 40,13 44,4 51,47 1,44 73,22 11,14 28,32 34,44 82,34 49,49 45,42 64,43 77,34 27,19 60,20 68,39 63,41 78,41 26,14 71,43 29,5 59,25 10,47 62,24 19,12 4,21 13,14 50,33 8,38 35,34 24,37 87,33 20,33 32,32 89,47 30,42 39,3 38,8 88,47 57,41 74,42 81,10 92,12 76,37 17,47 5,12 75,28 36,17 80,41 94,49 54,33 65,43 84,44 86,9 6,10 93,45 42,12 70,19 66,48 2,3 43,29 90,10 58,28 98,19 25,15 79,25 83,24 91,39 53,45 61,1 23,15 21,36 16,2 52,12 95,10 18,17 99,39 85,28 55,22 
56: 36,45 4,14 83,31 22,5 60,21 77,36 59,34 72,38 24,47 44,0 80,44 19,47 87,13 89,29 96,48 34,21 9,30 46,25 52,14 13,38 40,48 62,12 86,24 5,44 75,26 69,1 55,48 14,2 76,34 28,38 18,34 70,32 41,47 25,47 43,38 92,43 57,4 16,34 68,12 97,49 47,36 82,28 6,33 45,25 3,32 2,33 27,23 48,44 88,43 54,11 50,43 66,1 10,47 91,30 42,29 65,32 85,40 35,7 93,25 32,38 39,32 17,10 51,12 98,25 74,28 95,13 53,30 31,16 1,24 58,25 78,24 23,35 0,34 26,8 38,5 84,29 99,21 61,21 56,1 29,8 71,41 21,19 81,27 20,36 12,30 30,49 90,26 33,24 8,47 67,12 7,44 49,41 37,19 63,28 64,47 11,0 94,20 79,30 73,27 15,38 
57: 91,34 44,41 51,8 32,28 86,26 29,34 75,44 55,41 92,46 80,39 40,36 48,5 70,26 16,47 93,8 54,39 50,26 47,0 83,25 98,23 99,20 95,15 13,9 30,38 26,19 77,37 53,27 35,16 8,49 81,7 65,22 56,19 72,32 28,40 68,23 74,30 3,30 59,42 84,21 14,30 97,2 17,6 11,31 63,34 43,43 60,4 52,2 5,10 88,14 31,37 36,42 89,17 4,44 27,25 96,22 57,0 71,7 82,38 90,11 38,19 24,36 64,34 85,19 42,31 73,4 41,3 69,4 34,19 23,7 7,47 9,18 25,35 46,27 58,32 66,35 1,3 18,22 10,6 76,32 37,0 15,34 12,8 79,32 62,9 67,27 21,32 49,4 2,6 94,49 33,0 6,2 19,38 61,33 0,40 22,8 20,25 87,25 78,28 39,44 45,17 
58: 38,33 54,43 14,14 53,35 49,12 19,36 63,17 91,10 40,2 83,12 62,15 8,18 32,13 96,25 22,34 55,39 36,34 5,28 12,20 47,12 67,32 79,12 81,21 26,13 48,33 66,11 52,28 39,20 82,26 99,40 56,16 85,44 7,28 89,30 57,10 29,21 37,25 78,43 69,27 65,38 27,15 93,36 42,31 73,16 9,17 13,44 20,26 58,24 11,10 88,0 51,6 28,31 80,17 35,39 4,43 0,33 16,21 71,10 64,11 72,25 97,31 90,42 45,0 30,22 95,26 23,15 24,26 34,40 77,20 70,7 46,9 59,40 6,41 76,5 33,41 75,26 2,10 43,24 1,42 41,22 86,20 44,45 87,12 94,36 15,0 21,48 61,7 10,49 31,43 25,8 68,46 17,28 74,24 92,13 50,44 60,26 18,2 98,16 3,9 84,14 
59: 63,16 62,35 89,21 79,47 88,37 11,38 94,26 97,47 40,36 84,3 52,1 34,2 83,0 76,6 27,20 45,49 87,5 0,44 1,4 3,1 19,44 73,21 77,44 16,16 10,4 42,39 48,45 39,42 23,42 81,43 75,36 66,47 17,18 38,5 59,26 85,13 9,3 15,33 93,27 86,41 6,25 55,39 65,29 72,18 80,6 60,44 47,24 49,3 7,24 20,14 12,29 35,16 90,6 41,7 99,21 53,6 71,10 69,18 24,16 95,32 18,16 43,20 91,48 30,11 82,0 26,9 58,27 92,21 2,18 74,4 31,11 68,23 14,43 46,24 5,0 21,29 78,9 96,31 50,35 36,1 28,1 37,29 8,21 70,22 51,36 22,0 33,21 56,29 44,43 61,16 13,5 57,7 32,4 25,49 98,37 54,41 67,29 4,26 29,46 64,3 
60: 24,15 49,41 10,42 87,18 80,47 12,0 48,19 47,0 21,45 54,26 88,16 17,20 92,20 20,34 2,3 74,44 15,19 32,48 23,28 77,16 60,15 76,47 39,39 35,20 73,1 31,11 57,1 26,25 98,25 40,2 65,9 43,33 68,12 16,10 30,14 0,15 3,11 72,16 95,40 99,22 50,9 37,30 6,21 11,1 81,40 9,33 4,8 75,46 71,38 91,26 51,21 5,33 38,31 7,27 22,36 94,37 63,22 66,30 45,28 8,23 83,23 53,7 56,25 34,31 79,13 62,1 58,41 52,11 29,37 78,38 84,12 14,25 70,24 36,29 90,11 28,9 42,38 64,16 18,0 67,21 41,36 25,0 96,12 61,13 46,33 86,17 93,11 1,4 55,35 69,44 85,20 97,38 13,36 33,21 59,10 82,25 19,43 27,25 44,14 89,31 
61: 33,1 3,12 18,21 0,48 11,39 24,45 59,34 4,14 8,33 40,37 80,1 43,18 5,28 96,16 13,24 63,8 35,31 48,29 84,40 36,5 49,11 46,18 93,39 2,34 34,29 44,41 97,19 20,5 87,20 41,29 47,22 95,41 32,41 76,38 98,28 86,48 27,31 69,33 75,28 79,0 94,45 37,9 83,44 12,38 55,12 77,12 56,8 14,44 64,17 42,0 66,37 58,25 21,12 45,40 26,27 54,1 90,21 23,22 71,15 51,20 9,43 89,13 7,33 10,38 73,30 82,31 70,46 65,38 30,3 67,42 50,22 62,0 1,39 39,34 81,17 17,4 15,22 52,35 6,21 19,4 38,36 60,36 61,37 72,45 31,1 91,14 28,46 53,34 78,5 85,10 16,5 99,38 25,37 74,11 68,4 57,8 29,12 92,34 22,41 88,32 
62: 50,32 40,20 39,38 19,47 68,14 20,32 77,21 75,13 27,39 79,26 63,13 70,21 59,12 90,32 17,23 74,24 47,26 94,13 37,3 65,7 73,29 32,11 95,33 0,0 80,16 11,33 64,30 4,27 9,32 89,37 38,40 44,13 92,14 71,22 29,35 2,34 35,6 23,38 55,40 13,20 1,7 25,19 97,22 36,22 91,42 67,1 15,19 21,27 66,24 78,25 84,36 24,38 30,14 41,39 83,3 99,6 85,32 3,34 22,24 61,26 58,16 81,3 54,6 18,13 28,35 42,42 34,21 52,27 88,34 46,35 6,34 8,38 87,43 93,10 86,1 16,10 69,3 72,6 43,46 7,14 60,37 33,17 10,6 56,49 53,4 82,23 12,18 48,31 49,13 51,8 14,23 76,0 31,12 5,41 96,44 62,35 45,30 98,24 26,48 57,25 
63: 1,26 25,20 53,31 60,23 84,40 34,39 67,11 98,13 73,13 57,5 0,15 50,9 52,30 83,0 94,30 27,20 86,48 51,24 22,46 78,6 88,36 95,27 5,31 19,28 99,46 43,45 56,40 7,48 85,11 6,36 32,14 47,2 41,10 71,42 79,45 46,19 63,20 69,7 87,10 24,39 66,41 68,40 90,4 49,23 91,5 35,17 17,35 39,6 72,28 75,0 59,22 76,47 64,19 13,44 96,5 36,15 3,20 21,22 62,17 74,18 48,2 26,26 12,25 93,3 9,46 92,15 31,6 97,45 15,7 70,1 54,47 11,2 42,29 58,24 16,3 55,17 82,11 33,7 28,33 61,38 38,27 44,8 30,5 29,33 14,9 40,25 80,6 89,37 77,11 81,45 65,41 45,42 8,22 20,41 4,43 18,2 23,31 10,41 37,34 2,30 
64: 8,5 86,10 19,23 76,2 80,9 33,35 41,35 50,49 44,34 23,21 47,41 63,27 18,43 74,43 91,46 81,29 71,14 66,31 43,1 7,25 57,15 65,40 26,15 94,26 34,22 69,25 28,20 92,29 78,29 20,27 14,10 4,7 12,7 17,39 11,30 48,41 84,11 40,26 6,10 54,3 13,47 42,47 35,48 9,11 70,41 37,37 95,18 3,46 1,0 5,5 31,19 90,30 55,47 46,6 68,16 56,19 72,13 27,44 77,18 38,22 59,8 51,32 87,10 88,8 60,25 62,13 2,23 89,24 36,2 64,6 21,38 85,25 52,27 10,31 16,31 39,37 30,41 49,45 75,38 15,5 82,16 93,12 98,40 58,17 24,25 0,29 25,17 97,2 29,38 83,29 61,30 79,24 32,49 96,40 45,39 73,44 53,10 22,14 67,23 99,2 
65: 83,39 19,25 60,24 88,38 6,35 78,49 3,7 18,29 25,14 59,23 61,48 41,2 8,16 28,1 32,7 86,26 90,17 76,12 55,25 77,49 91,43 93,12 54,25 64,41 75,36 80,32 81,49 51,13 0,15 9,18 68,23 48,41 82,35 62,20 79,25 26,43 17,19 53,10 5,29 4,7 87,37 96,4 69,39 66,38 37,44 16,16 11,27 74,44 7,1 38,37 49,45 84,18 72,27 13,27 20,38 42,34 95,33 31,6 22,14 94,45 10,14 63,21 44,40 58,20 29,24 52,13 33,35 99,22 35,46 56,34 73,7 43,7 2,40 24,33 36,31 39,32 23,6 45,6 46,16 65,46 89,10 57,41 98,20 30,30 97,2 21,41 47,43 40,23 92,48 67,39 27,4 34,5 1,47 70,22 14,29 85,10 15,14 50,16 71,40 12,47 
66: 13,18 98,36 26,0 45,15 97,11 8,32 47,1 32,35 15,45 95,21 63,3 94,42 55,11 4,8 48,38 87,9 46,33 91,14 3,37 23,8 64,46 28,2 79,41 72,42 75,0 74,44 34,42 52,6 37,46 41,13 16,36 76,8 35,28 25,42 50,46 57,44 80,38 61,7 30,15 0,22 73,4 1,20 65,13 68,36 49,13 54,37 51,10 69,48 93,19 77,39 53,9 83,11 88,7 42,36 89,34 85,36 84,10 82,3 19,19 86,37 71,35 90,26 18,28 58,11 20,7 21,25 33,33 67,42 38,15 12,20 31,24 62,41 70,4 22,15 78,29 24,4 96,10 5,43 39,12 44,13 56,5 27,31 36,47 11,15 59,35 81,45 92,14 60,9 6,22 43,16 40,34 9,39 7,18 10,24 99,13 66,49 14,38 2,29 17,12 29,13 
67: 67,28 1,3 6,5 60,19 35,15 58,21 40,10 34,29 79,42 14,43 47,29 59,8 81,39 23,21 65,18 77,45 57,5 98,12 38,5 62,24 22,39 68,49 73,46 92,38 87,34 93,46 17,38 54,26 71,18 33,22 20,0 31,7 30,42 69,9 2,5 7,44 18,45 51,45 74,14 3,2 89,41 70,24 36,41 41,34 16,36 78,4 96,27 15,13 32,10 4,43 12,45 25,20 90,20 97,45 19,47 42,22 86,6 9,10 83,20 27,6 21,14 66,1 52,11 61,40 39,8 82,15 26,35 45,40 28,34 55,37 95,14 24,46 8,14 29,1 80,44 0,23 94,30 5,28 10,39 11,12 88,34 75,10 56,25 84,5 50,28 46,33 43,46 13,35 53,25 37,34 63,26 48,43 44,35 64,18 99,18 91,2 85,19 49,36 76,32 72,35 
68: 98,49 1,23 0,21 20,34 34,37 43,46 76,43 63,20 69,28 28,20 32,5 66,21 4,25 15,23 44,23 83,8 95,28 53,18 78,23 12,3 57,34 77,34 14,4 65,19 85,20 8,9 42,7 81,27 64,31 97,3 37,13 72,15 61,15 62,31 26,39 29,23 59,43 67,23 33,7 99,33 27,46 50,28 74,12 93,3 30,43 5,14 38,1 3,40 96,0 45,31 9,16 92,49 40,11 11,9 46,16 19,9 68,0 87,27 52,24 24,45 58,29 82,7 84,33 51,21 90,1 23,3 80,2 91,12 47,39 6,34 88,2 79,7 31,15 17,42 55,24 25,7 49,23 41,41 39,49 16,26 71,40 73,28 60,5 70,19 86,37 94,12 2,38 10,27 22,10 21,43 48,12 7,46 36,31 54,15 13,43 89,43 35,7 56,2 75,35 18,20 
69: 85,44 34,22 42,25 15,28 44,22 21,27 74,41 18,14 32,44 57,28 80,26 37,34 90,43 23,41 88,23 78,48 56,2 82,11 91,3 7,20 24,21 4,17 51,7 60,49 96,41 39,2 98,14 11,25 58,32 28,3 29,16 50,1 9,41 69,2 36,29 71,6 77,1 0,22 26,4 17,26 20,13 68,24 16,35 10,1 84,49 49,17 12,0 38,20 81,37 31,28 30,31 66,18 46,29 75,6 5,44 33,47 73,27 67,43 55,25 54,42 1,6 45,32 35,23 65,29 83,6 43,5 63,36 6,34 14,38 47,34 76,49 79,27 59,8 41,28 70,4 92,37 86,7 3,20 89,33 2,44 97,45 8,16 27,15 93,28 53,42 40,17 87,4 62,10 13,33 99,34 22,49 95,10 19,17 25,16 94,7 61,11 72,29 64,9 52,33 48,44 
70: 21,21 38,48 10,13 47,12 61,49 71,0 86,42 7,13 14,12 23,13 81,38 2,5 15,35 41,23 46,23 60,40 75,35 77,33 6,29 26,33 35,27 13,24 49,26 58,47 17,30 25,9 32,38 0,12 89,7 33,1 59,39 72,17 76,38 22,34 96,12 63,27 74,2 16,37 57,1 44,25 73,40 51,9 52,44 68,49 5,17 29,40 9,0 54,37 78,26 64,39 69,20 87,38 24,49 83,47 27,40 37,40 67,5 98,33 42,27 28,30 82,21 99,12 12,24 45,24 20,36 53,16 92,42 43,18 19,11 30,32 18,13 40,44 90,6 97,3 56,3 1,33 93,16 8,1 3,11 36,16 62,35 85,17 55,18 65,4 88,12 48,33 70,0 94,35 80,37 31,24 91,35 50,18 11,27 95,8 34,32 66,32 4,7 79,1 84,10 39,42 
71: 27,0 60,2 54,49 65,47 3,0 39,22 63,27 56,49 93,22 23,1 86,7 45,18 78,26 59,5 92,22 75,4 81,9 32,38 94,41 99,45 20,37 74,2 38,35 18,45 12,43 30,49 85,33 17,48 79,28 35,45 40,41 13,19 88,45 46,42 64,2 61,47 19,41 9,27 43,4 8,5 22,38 50,36 41,5 36,25 57,40 95,19 15,24 76,15 47,40 14,7 84,34 34,5 66,31 67,12 71,33 28,48 89,34 82,30 33,13 97,33 16,37 25,29 62,4 21,31 4,17 11,5 29,30 58,32 80,7 98,18 24,8 87,14 51,6 96,26 44,28 6,19 69,25 77,7 7,32 70,0 0,15 37,27 91,23 83,21 72,41 1,36 53,24 2,22 73,25 5,8 55,29 10,24 26,49 42,31 90,13 31,49 68,22 52,18 48,8 49,19 
72: 44,15 88,0 50,27 97,47 99,48 89,26 51,40 34,13 56,40 40,42 19,45 49,15 41,6 61,12 87,2 86,4 32,31 36,12 69,11 12,32 53,17 75,5 21,22 31,48 48,33 94,9 77,18 62,36 72,9 63,43 95,18 90,4 13,11 8,0 0,23 98,27 18,38 26,48 33,20 39,6 20,44 37,13 85,30 28,9 46,21 65,39 7,44 11,24 84,40 17,18 5,27 91,9 23,11 45,13 57,41 71,34 92,25 15,22 82,14 27,0 64,20 22,17 60,25 29,24 9,45 14,41 93,22 70,48 16,28 83,0 54,42 52,25 24,41 25,17 80,17 67,28 73,38 1,17 78,34 4,8 96,33 55,13 2,20 66,29 79,30 42,17 81,6 47,22 38,27 6,47 68,1 59,3 76,21 10,1 58,49 43,4 35,47 74,43 3,14 30,28 
73: 89,21 22,38 82,7 93,13 97,46 0,48 10,45 48,35 96,27 7,42 81,3 95,30 76,36 1,36 75,22 71,14 5,7 80,33 86,34 26,20 87,7 33,45 53,0 72,16 46,43 58,16 43,48 29,16 8,27 41,41 64,5 44,26 18,24 67,46 54,41 91,49 36,36 17,25 35,25 13,42 84,49 42,29 56,3 37,7 83,1 63,41 4,2 49,43 60,24 38,6 51,15 98,36 45,3 73,39 3,15 99,40 23,28 2,28 66,33 70,9 74,28 52,43 69,44 30,35 12,31 50,45 24,14 21,37 68,45 14,32 88,14 39,21 85,23 27,41 55,19 40,8 77,34 79,10 92,28 78,49 28,26 59,47 90,40 57,40 6,2 34,32 47,9 25,29 15,7 20,39 32,1 65,42 19,39 11,5 62,48 9,37 16,4 31,0 61,11 94,44 
74: 7,47 15,42 6,19 89,30 2,19 31,45 23,1 91,30 28,9 3,47 24,30 56,49 59,22 38,43 77,24 46,36 81,42 9,49 45,33 75,23 79,2 14,12 17,25 61,34 47,24 50,16 73,11 16,2 83,24 37,4 93,23 72,0 8,5 66,2 94,5 10,15 70,49 22,6 76,46 64,47 71,0 13,35 57,20 54,6 29,4 92,38 43,24 58,32 30,37 96,40 18,14 95,36 40,20 86,38 97,14 60,35 44,34 65,6 49,19 12,20 11,29 67,28 33,13 84,16 51,49 20,49 63,6 27,42 41,20 85,46 53,30 32,24 39,1 82,45 34,37 35,43 0,8 19,14 80,9 98,10 69,19 90,17 26,40 62,9 52,7 99,7 5,33 42,7 36,43 25,33 21,49 88,13 48,10 78,6 1,13 55,25 74,14 4,39 68,7 87,33 
75: 4,49 49,32 95,13 59,9 77,39 86,19 70,47 10,49 55,48 56,31 62,28 66,27 79,17 39,7 22,32 20,32 94,4 32,34 69,13 8,47 34,27 18,7 19,27 67,41 35,2 27,31 57,2 24,36 13,45 81,25 7,33 11,18 41,23 72,13 25,48 96,35 5,33 37,31 31,40 92,16 97,42 0,5 53,47 98,29 15,45 58,6 68,47 91,18 54,6 84,42 93,1 45,18 36,45 42,21 61,45 63,15 1,31 88,20 2,27 17,33 87,33 16,8 33,43 50,13 6,38 73,27 29,0 75,39 78,13 71,17 21,44 44,6 80,14 48,18 47,21 38,33 23,28 12,20 85,33 89,28 26,46 52,15 64,16 74,15 30,23 9,22 65,30 3,24 46,24 14,39 99,13 82,3 60,35 40,34 28,38 43,36 90,24 76,11 83,11 51,31 
76: 40,21 84,26 7,44 32,33 26,27 54,6 64,45 59,30 5,0 34,41 49,34 82,18 53,10 66,18 88,4 0,19 61,17 63,12 14,49 80,12 71,35 10,28 27,44 31,1 94,29 79,39 78,22 52,45 45,19 74,20 58,20 95,24 42,6 77,27 92,1 39,9 9,32 60,15 33,5 57,7 28,0 16,40 69,48 38,30 50,17 18,45 29,10 35,1 89,19 13,26 55,17 25,34 20,12 98,5 19,35 41,1 23,3 36,2 86,20 30,31 47,41 17,48 97,2 73,48 65,41 90,20 12,40 96,22 15,35 48,21 6,4 11,0 70,35 99,32 43,35 72,34 44,37 68,25 56,9 46,46 8,28 93,13 24,33 85,3 81,24 2,47 37,34 62,28 87,0 83,31 3,45 76,31 1,21 75,10 21,4 67,35 91,9 4,24 22,10 51,36 
77: 82,6 55,14 22,32 59,4 81,5 78,40 66,5 80,15 98,14 31,20 15,11 32,2 8,3 23,44 61,38 45,1 76,20 27,28 10,16 42,1 75,27 64,37 40,27 65,11 3,29 21,15 20,22 67,40 70,42 33,10 13,26 41,32 35,12 74,41 90,44 12,10 9,45 89,14 91,35 37,33 63,5 72,25 24,35 58,41 57,5 83,11 7,30 69,36 84,19 88,46 36,2 29,23 11,5 28,42 16,38 44,49 95,6 87,4 1,31 6,22 56,3 93,12 73,11 2,5 71,30 79,5 97,5 43,46 53,29 30,24 39,48 5,30 38,34 19,6 0,3 52,11 25,33 62,26 50,29 48,16 60,9 17,17 4,41 49,3 26,23 86,36 77,33 51,35 47,1 92,44 94,4 68,24 54,2 14,40 46,47 96,42 99,9 85,21 18,7 34,33 
78: 0,7 22,19 27,8 32,44 68,16 96,45 35,2 4,30 63,23 11,40 82,40 24,31 74,3 41,28 49,46 94,14 7,45 33,4 77,41 12,35 57,33 83,34 14,32 52,32 59,2 31,27 87,43 10,26 55,0 19,35 58,1 23,13 36,10 38,13 40,1 84,4 34,45 20,12 47,42 81,15 13,39 76,31 15,15 45,41 98,49 79,14 37,4 62,40 28,45 3,0 21,43 54,9 17,31 2,3 66,47 70,6 18,46 73,30 26,41 39,48 89,39 46,42 85,7 16,37 8,25 60,13 30,35 44,24 80,44 93,43 99,21 91,1 42,2 65,2 78,6 86,47 1,0 88,10 61,1 5,36 75,47 67,44 97,5 69,37 71,32 64,6 95,18 92,39 56,33 51,48 29,19 53,39 90,22 6,0 25,12 43,45 50,47 9,15 72,12 48,45 
79: 29,8 85,35 45,49 48,27 99,3 20,11 77,11 81,42 0,8 12,33 49,4 89,18 92,6 91,29 46,17 96,36 75,41 37,20 72,49 74,42 25,37 86,11 73,25 34,46 39,37 68,15 55,3 11,34 84,2 93,26 69,23 52,19 17,9 22,25 19,23 24,47 51,33 94,18 61,36 15,49 56,38 32,31 43,9 57,3 87,16 26,27 36,34 59,8 4,37 30,49 27,12 66,24 8,31 23,3 2,18 67,28 5,39 18,46 31,5 21,7 3,30 35,18 78,37 28,41 44,44 71,30 90,12 6,0 95,6 33,16 9,40 38,2 97,18 16,30 47,44 65,45 13,37 88,9 50,3 42,37 80,23 40,5 64,14 54,23 58,49 70,4 76,1 63,9 60,24 10,12 14,29 79,4 82,31 53,29 1,24 83,49 7,13 62,18 98,26 41,12 
80: 17,21 41,14 74,34 61,41 86,39 49,47 82,1 40,11 68,9 98,48 6,35 77,41 79,14 31,14 90,7 48,18 66,1 83,22 39,19 88,48 10,35 4,22 23,44 78,3 42,42 70,16 8,49 47,4 46,15 35,33 45,11 95,9 37,43 21,13 1,31 19,17 84,34 0,10 20,26 65,18 63,39 28,14 24,7 44,7 57,46 91,45 87,0 55,29 9,30 15,32 29,16 97,2 38,12 2,15 36,8 32,22 85,0 16,17 3,13 71,17 34,34 11,22 81,42 99,42 33,6 25,41 93,49 58,9 80,17 51,12 75,41 60,43 62,12 64,21 13,22 50,26 59,45 30,16 73,42 52,1 22,0 27,21 56,30 69,20 43,33 92,21 14,45 67,16 26,25 5,37 18,22 96,6 7,34 94,45 72,5 89,31 54,30 12,16 76,28 53,36 
81: 43,4 86,37 42,46 66,49 12,19 0,3 91,23 67,12 77,26 80,28 70,28 38,30 26,31 53,42 90,10 29,16 94,41 52,14 51,11 44,10 34,8 13,42 36,11 40,28 1,30 28,1 32,48 19,29 11,28 17,26 25,39 18,12 45,40 82,4 15,45 63,35 10,6 57,30 59,43 65,3 21,18 4,29 98,49 93,35 76,30 61,18 2,21 33,41 81,14 89,12 74,1 48,29 79,17 35,7 50,13 56,43 20,30 62,6 60,8 71,40 49,24 47,12 64,15 5,26 72,41 3,13 6,25 41,16 37,29 75,35 54,19 55,11 68,23 95,10 22,37 46,3 87,26 31,46 14,48 7,5 58,15 88,37 69,41 39,38 92,11 99,10 73,45 85,48 83,40 30,31 84,22 23,10 9,21 16,36 27,21 78,6 8,3 97,16 24,3 96,9 
82: 19,39 96,12 46,12 58,23 26,35 22,32 72,45 14,15 47,26 5,27 35,42 44,14 60,18 82,15 20,1 83,12 90,5 9,5 29,3 21,40 94,26 15,33 13,33 30,20 67,22 53,20 78,44 59,2 27,21 36,8 65,0 24,4 0,14 18,29 38,42 69,49 97,35 33,17 34,38 11,42 79,23 25,15 16,5 37,37 28,44 80,9 3,49 56,29 71,42 54,36 57,7 73,29 8,16 51,14 81,14 41,22 66,4 95,18 6,23 32,15 1,30 77,4 61,35 64,27 63,20 2,7 99,26 17,2 39,17 45,1 55,35 89,18 10,45 87,40 23,39 52,39 92,1 68,39 84,8 12,12 49,7 48,13 74,8 31,37 86,21 98,7 76,22 40,2 43,12 42,41 88,33 91,28 75,40 50,33 4,31 7,31 85,8 62,13 70,33 93,36 
83: 63,49 10,32 18,38 48,32 86,43 82,3 17,20 23,47 22,38 69,28 2,17 85,4 55,24 24,19 26,29 53,14 60,30 40,33 71,45 4,0 19,28 52,41 3,24 37,42 61,18 51,32 25,36 88,18 50,15 57,40 15,43 94,30 72,14 30,16 98,35 28,16 49,30 41,3 9,11 6,38 11,13 65,10 29,5 78,27 16,11 84,49 67,15 70,10 76,12 58,32 56,15 75,38 89,11 68,33 36,17 74,43 54,25 79,49 97,41 34,35 38,1 27,7 77,17 90,24 59,2 64,29 1,7 99,22 31,36 73,8 92,46 45,16 35,26 81,9 12,9 32,26 7,31 66,34 5,40 43,28 20,38 93,22 21,24 46,26 96,45 44,35 33,6 62,34 83,20 13,19 8,35 42,10 80,31 95,43 39,32 0,26 47,10 14,31 87,8 91,22 
84: 63,5 3,34 94,33 29,25 42,13 50,35 39,1 26,2 51,41 89,34 25,0 41,25 60,46 81,41 33,48 43,41 7,47 90,27 74,43 27,27 92,20 20,29 45,44 8,8 78,5 46,23 64,15 87,11 47,14 58,29 91,23 97,38 17,3 44,12 56,44 6,14 37,7 49,21 73,13 14,21 35,34 77,21 83,27 5,0 57,35 61,17 84,44 30,36 18,43 80,26 66,36 79,25 82,46 86,1 71,38 13,43 68,28 95,2 4,2 62,24 75,30 65,30 22,7 85,37 12,45 21,36 16,19 99,26 34,17 24,17 98,14 70,47 2,37 52,5 31,34 19,26 9,33 11,47 67,15 54,11 36,19 48,33 1,30 40,48 93,37 0,4 10,1 15,27 28,12 72,2 38,30 55,5 59,25 96,38 53,47 76,14 23,20 32,38 69,9 88,34 
85: 76,24 10,25 36,10 80,20 53,46 20,45 89,20 3,7 56,38 16,30 32,12 42,26 54,45 67,46 22,7 9,8 60,36 0,44 21,39 44,13 63,38 75,8 37,44 71,16 92,36 61,11 2,1 30,45 6,29 7,37 35,17 72,44 40,10 84,30 5,8 69,10 78,23 86,21 8,24 90,1 12,30 4,48 74,3 27,40 98,10 73,11 62,49 15,26 79,23 55,2 41,42 93,44 38,8 48,7 58,3 97,32 11,49 46,1 17,20 19,22 94,45 95,39 77,41 51,22 14,9 70,36 91,12 81,48 39,20 85,15 50,25 64,42 66,10 88,44 23,8 47,41 25,30 31,14 99,46 59,32 65,8 18,4 43,4 45,28 57,22 68,33 96,0 49,41 52,34 34,22 13,22 28,23 1,42 87,13 82,10 24,45 29,25 83,31 26,22 33,35 
86: 78,45 62,22 31,34 95,8 15,37 3,26 6,9 48,5 69,28 47,8 30,0 24,22 58,19 66,4 51,32 38,6 45,22 79,11 57,14 13,27 39,35 64,39 92,18 67,8 52,28 96,14 84,42 74,0 9,34 87,0 10,44 27,15 99,29 53,35 83,6 82,22 8,3 88,9 61,24 2,46 60,3 14,20 72,38 42,36 91,25 18,13 90,32 55,12 11,15 22,5 12,34 80,46 16,7 85,31 37,25 73,46 97,43 26,17 36,15 86,14 29,26 65,24 32,8 75,5 98,6 20,18 44,11 35,40 43,2 23,16 63,19 46,32 41,2 71,27 5,35 68,10 89,25 77,49 93,45 21,4 70,19 49,13 17,12 7,14 76,43 25,33 0,21 19,8 81,16 54,34 33,5 94,11 4,12 50,41 28,8 56,23 59,18 40,21 34,41 1,38 
87: 34,34 17,3 85,30 49,25 59,6 57,23 24,0 42,43 16,19 3,15 7,40 67,41 86,8 22,46 88,44 47,20 28,19 72,33 63,37 74,23 90,24 5,39 70,8 87,10 80,11 96,10 62,20 23,26 65,5 56,20 0,33 1,26 13,5 54,46 64,13 91,16 76,29 92,46 66,40 41,37 31,15 51,20 68,33 9,40 98,37 71,13 53,39 14,23 19,18 83,49 48,14 55,33 39,38 8,26 12,42 40,14 4,9 26,18 37,33 21,10 35,23 78,19 11,3 36,2 45,0 61,3 81,7 93,0 75,47 79,40 18,10 29,38 27,1 44,43 50,45 95,7 15,41 52,38 20,8 33,16 60,11 77,47 73,42 69,24 38,37 46,48 89,28 2,7 10,21 99,37 94,38 30,28 32,27 6,18 43,31 58,36 82,40 84,6 25,9 97,15 
88: 67,42 71,29 22,11 56,6 54,24 63,40 84,31 37,16 83,27 68,33 32,25 51,48 48,4 62,27 90,0 81,32 49,14 69,9 40,49 43,25 29,3 96,8 39,39 0,45 11,28 86,36 13,32 27,2 50,11 77,39 25,32 60,26 2,3 74,47 55,20 41,46 1,40 8,21 36,10 76,34 10,47 3,40 26,7 45,43 4,4 57,36 46,48 21,22 93,17 52,3 58,41 61,12 59,35 73,12 20,1 23,44 99,40 64,33 31,18 34,30 91,9 70,30 12,41 47,19 19,20 35,18 65,21 80,0 9,32 16,43 95,14 7,8 44,25 15,14 87,45 28,20 24,34 89,3 94,43 5,40 18,39 82,11 42,6 78,20 92,34 6,42 97,1 30,5 72,16 88,38 79,29 14,30 38,39 53,36 85,1 98,49 75,25 17,5 33,46 66,43 
89: 37,43 0,18 47,41 84,32 41,28 32,30 50,4 55,39 40,18 21,24 62,34 29,41 5,17 91,25 22,10 77,20 52,3 80,21 7,38 31,6 48,9 51,49 85,4 95,8 10,28 15,41 98,26 11,34 82,11 49,31 57,11 16,15 24,20 83,16 76,7 44,3 30,10 54,21 38,0 2,42 87,30 8,2 71,4 74,19 96,3 63,33 64,27 88,0 70,10 27,8 67,28 81,36 60,22 66,17 39,12 23,7 78,19 26,27 45,25 35,32 92,2 3,19 94,2 68,13 69,39 42,29 56,24 59,34 9,27 12,31 36,31 99,22 53,19 33,41 61,4 72,39 58,4 13,17 17,49 19,2 6,27 86,41 18,5 28,32 20,24 75,22 93,47 97,4 46,16 4,46 90,36 1,15 65,35 14,13 89,33 79,4 43,5 34,46 73,24 25,4 
90: 75,18 24,22 17,19 25,7 22,47 34,2 18,39 32,4 63,12 61,46 79,14 31,35 0,8 62,14 58,24 91,11 9,12 57,22 53,1 76,42 29,17 14,46 48,12 26,3 51,36 11,0 92,40 5,19 66,28 67,27 59,42 88,11 7,15 90,7 83,36 15,5 16,43 19,29 42,15 99,25 84,36 21,9 69,44 81,46 2,0 55,49 64,43 33,23 70,31 6,34 96,32 56,5 37,29 82,26 40,20 80,23 73,35 87,0 71,7 46,41 95,25 12,14 45,0 8,23 20,29 74,4 44,3 52,39 93,45 43,36 39,29 77,37 86,22 60,13 65,0 30,36 47,42 35,33 4,47 78,21 85,7 1,17 72,31 10,35 28,49 94,31 3,44 68,18 38,42 27,7 36,44 13,3 41,47 98,24 23,27 89,15 50,10 49,24 97,2 54,1 
91: 2,10 94,7 41,28 26,31 83,37 28,7 14,2 91,2 68,39 9,23 0,4 8,35 20,21 31,9 27,18 81,0 11,28 34,5 60,37 85,42 65,26 23,45 58,40 53,45 15,21 45,6 87,26 75,38 18,41 92,3 25,11 90,16 71,24 64,37 32,22 4,47 16,41 35,34 86,32 56,49 80,40 93,31 7,2 12,40 70,37 44,36 47,1 67,47 79,4 59,49 89,3 22,26 13,9 37,7 5,10 30,1 97,21 38,27 17,17 43,26 33,21 98,48 10,26 78,45 50,20 36,46 63,1 69,35 48,48 54,15 82,27 74,38 76,23 3,35 46,31 51,4 73,32 1,21 62,21 61,2 57,16 95,6 40,22 39,13 49,2 55,35 6,41 19,35 24,15 42,16 52,17 99,25 72,36 77,38 21,14 66,38 84,26 96,45 29,7 88,10 
92: 62,49 90,26 69,26 46,2 60,27 11,45 2,17 4,41 80,13 99,31 42,9 98,4 83,22 92,34 10,9 82,18 18,49 51,18 74,31 72,44 66,28 44,19 67,19 16,36 26,24 30,3 87,6 21,9 15,49 7,18 43,11 94,11 14,5 1,31 97,18 61,24 45,2 53,38 3,14 20,48 31,0 52,28 73,35 57,31 85,22 12,16 34,5 77,39 33,4 19,2 70,34 95,49 91,30 63,27 28,38 68,10 9,8 89,29 25,16 29,34 55,45 0,49 13,12 36,2 58,37 81,27 54,34 40,20 41,8 48,40 75,36 32,49 49,36 39,45 65,27 93,32 64,1 76,17 50,28 24,41 78,33 84,36 35,9 96,6 8,48 47,40 23,8 22,19 37,47 27,44 79,12 6,17 17,35 88,44 5,4 86,0 59,45 56,23 38,17 71,2 
93: 67,23 73,30 58,27 66,11 68,15 6,44 69,5 30,22 24,22 13,42 75,31 48,21 65,44 55,35 54,47 46,37 86,46 59,31 71,2 18,11 63,7 91,44 98,10 56,10 79,19 94,7 21,46 9,16 57,8 72,23 88,17 39,9 41,5 99,21 77,9 16,30 26,2 33,17 53,23 25,11 62,43 96,23 81,34 34,6 36,23 97,42 5,13 90,31 8,13 40,19 93,5 76,43 23,3 35,25 4,19 10,45 80,34 60,28 70,41 84,34 42,27 78,46 44,12 27,21 50,2 49,44 74,19 64,34 61,34 43,37 14,32 95,42 31,13 45,30 11,5 47,13 82,18 85,33 92,8 87,25 89,0 51,11 29,13 37,35 22,13 15,30 38,3 28,4 1,8 0,16 3,37 52,45 83,2 7,36 12,24 17,43 19,43 2,0 32,8 20,24 
94: 78,23 3,5 39,19 99,36 97,24 57,8 23,27 73,40 0,18 52,33 59,11 17,10 96,45 8,1 18,26 67,5 33,43 14,28 29,24 89,16 51,44 49,7 53,5 21,18 48,30 45,40 84,27 36,31 54,42 30,28 62,20 13,40 43,42 34,0 87,17 86,16 63,5 55,7 16,16 82,39 66,0 20,5 2,45 9,20 90,25 10,16 95,44 38,32 42,1 70,5 35,41 91,30 85,21 46,31 80,38 12,12 64,49 50,48 93,44 22,12 41,21 69,4 44,3 79,13 47,40 92,47 24,25 31,14 60,45 37,18 6,21 5,41 56,34 7,3 74,5 19,31 27,34 83,28 98,47 77,31 58,22 28,34 26,32 88,31 11,1 75,6 1,14 65,16 15,19 32,23 71,42 4,45 81,23 25,39 76,43 40,47 72,2 94,30 68,0 61,14 
95: 82,11 20,7 23,13 25,25 17,16 92,22 86,39 44,9 60,20 75,1 9,42 59,9 0,38 21,11 89,1 50,38 99,31 76,48 5,48 61,8 4,25 65,12 66,36 15,26 33,34 29,24 84,39 19,7 16,0 46,44 80,0 91,38 67,8 10,12 62,42 42,31 90,35 69,11 28,49 30,36 71,33 3,49 37,34 93,36 85,15 11,13 87,14 56,14 81,49 1,33 83,48 57,16 64,1 14,33 35,38 53,49 49,19 13,47 98,29 70,20 96,44 79,46 78,10 31,27 94,30 52,16 40,36 6,34 2,14 95,35 7,33 8,19 34,11 68,45 12,25 41,2 73,4 22,49 54,48 63,10 88,49 27,30 55,3 58,12 77,44 97,37 38,34 45,10 18,19 36,7 39,17 72,46 51,34 48,15 24,30 74,4 47,38 32,1 26,13 43,28 
96: 69,28 54,3 93,13 23,23 77,31 63,49 11,30 65,15 68,39 72,3 36,0 5,48 7,36 19,0 29,37 50,4 88,15 31,44 90,41 70,1 84,31 76,13 58,34 18,4 3,22 1,40 42,37 74,41 30,32 35,10 59,1 64,27 2,22 45,5 91,21 41,23 48,26 96,13 95,30 10,30 27,25 40,16 56,9 82,18 53,37 85,24 8,7 47,1 25,29 57,15 4,31 55,19 51,8 49,8 94,11 86,45 46,11 20,29 92,43 22,26 62,24 13,41 99,14 89,48 0,48 21,26 80,42 38,38 78,43 26,27 15,31 81,12 79,38 34,21 16,26 60,21 87,40 32,37 43,48 33,37 83,35 37,31 98,44 17,16 52,6 73,37 61,37 67,23 97,36 14,49 28,7 44,30 71,39 9,1 39,5 24,20 66,46 12,3 6,6 75,43 
97: 85,24 99,0 37,6 50,41 66,6 5,11 62,36 48,31 20,17 75,23 7,39 35,16 29,23 44,3 72,22 38,33 1,47 4,21 95,6 86,17 53,9 80,23 63,17 0,33 89,0 32,34 88,7 74,41 61,27 84,37 52,29 13,7 39,1 79,8 12,23 94,10 69,48 60,33 57,38 97,2 34,14 49,24 10,32 78,48 71,47 36,32 41,44 64,11 87,26 14,37 24,19 43,28 77,37 92,24 23,12 17,32 22,22 46,32 96,3 40,25 30,13 76,25 9,32 68,28 2,2 51,44 18,30 70,40 42,31 58,24 93,36 82,29 27,9 65,48 56,35 25,19 15,12 83,39 54,25 31,15 8,8 3,8 91,44 59,9 45,28 21,7 26,5 33,39 90,10 11,15 73,40 28,34 55,21 67,29 16,38 81,21 6,35 47,5 19,37 98,40 
98: 11,44 53,22 83,6 16,36 21,10 39,19 77,7 97,2 63,42 79,25 17,41 3,7 8,5 40,22 87,30 68,34 70,39 95,23 37,40 5,41 66,24 20,40 86,0 62,38 32,27 71,23 84,41 1,15 43,35 49,12 29,2 22,16 44,3 12,32 50,0 9,48 15,39 45,20 74,5 7,37 72,17 80,24 90,37 28,25 51,0 0,43 27,40 54,5 10,49 36,9 42,11 6,12 75,8 25,8 24,15 58,21 30,26 14,29 81,19 88,25 91,0 35,12 78,20 34,45 61,46 41,46 64,42 26,20 65,40 73,1 60,21 19,16 76,39 46,18 4,40 59,44 57,6 85,4 89,9 18,37 94,18 2,4 93,22 38,23 52,10 96,48 98,11 69,46 99,49 23,31 67,39 13,29 47,24 48,40 55,19 92,35 82,36 33,23 31,14 56,17 
99: 16,5 46,32 7,19 99,49 31,24 51,46 92,37 20,47 52,20 35,9 40,43 66,14 74,28 11,14 19,25 86,40 8,0 84,33 48,3 95,20 75,17 80,21 53,20 37,11 82,17 87,40 59,31 43,20 73,22 96,21 4,14 57,10 10,19 39,25 69,14 23,0 29,11 76,6 49,12 1,25 32,33 44,1 65,21 33,15 24,1 67,2 28,0 18,0 45,41 0,32 36,47 38,22 85,21 25,39 21,37 55,34 61,22 62,32 93,40 60,44 26,11 14,5 83,11 9,35 54,18 77,41 3,45 50,18 97,12 89,30 71,45 94,2 68,24 63,32 81,16 13,41 88,0 2,29 41,48 34,42 15,23 30,0 70,23 27,34 17,47 78,0 6,24 91,41 64,31 58,41 22,20 42,42 47,44 90,21 79,35 12,3 56,40 72,6 98,45 5,13 

A shortest path in the maze
Path Length: 5
Path Cost: 2
Path: 0 21 96 19 97 99
real 0.13
user 0.40
sys 0.02
