A graph representing a maze
0: 0,9 5,1 6,5 8,3 7,2 3,3 2,3 9,5 4,9 1,5 
1: 2,4 4,7 7,2 1,0 9,4 0,2 6,0 8,8 3,6 5,5 
2: 1,7 5,4 8,1 9,3 4,6 7,1 3,4 2,6 6,2 0,5 
3: 6,8 2,2 7,2 9,0 1,1 4,1 5,2 0,3 3,6 8,5 
4: 1,7 2,7 7,0 9,7 8,6 3,9 6,2 0,4 4,0 5,3 
5: 1,9 2,0 8,5 0,0 6,8 7,9 3,7 4,1 5,2 9,6 
6: 4,9 6,6 0,8 5,3 1,5 7,1 8,8 2,0 3,9 9,3 
7: 4,2 9,3 5,0 7,3 2,6 0,9 1,8 6,8 8,3 3,9 
8: 7,2 1,8 3,5 8,7 5,3 9,3 0,6 4,2 2,9 6,9 
9: 6,2 5,1 0,7 2,4 4,3 1,6 7,8 8,3 3,7 9,5 

A shortest path in the maze
Path Length: 2
Path Cost: 3
Path: 0 3 9
real 0.07
user 0.07
sys 0.00
