0: 1,45 6,22 7,2 8,48 12,4 14,29 15,5 16,32 18,42 19,47 20,4 26,10 30,34 33,4 34,42 36,6 38,26 39,26 40,21 41,27 42,46 43,21 49,4 50,13 58,10 60,35 61,32 65,38 68,32 69,13 70,29 71,40 73,45 75,1 76,40 79,47 80,7 88,25 90,16 91,21 92,3 93,33 94,41 96,45 97,23 98,2
1: 27,29 60,41 69,47
2: 0,18 7,34 10,14 12,2 21,36 22,15 25,48 34,6 54,38 61,37 62,12
3: 8,28 94,13
4: 6,48 8,42 13,12 16,14 21,13 22,0 23,17 29,11 30,17 31,48 33,48 37,35 39,16 41,28 42,11 43,29 45,30 48,44 55,19 63,11 66,29 67,33 69,33 72,3 73,38 76,8 78,3 80,14 82,17 88,27 90,23
5: 1,26 5,30 45,7 47,29
6: 24,4 25,10 31,37 55,35 58,48 74,7 75,27 76,44 95,31
7: 22,39 24,4 99,44
8: 0,6 15,0 23,40 41,29 46,14 59,6 91,2 92,10
9: 46,28
10: 23,21
11: 42,7 58,34
12: 4,7 6,31 11,23 12,25 16,16 18,28 19,13 20,12 21,48 43,36 45,17 60,5 62,38 65,35 66,37 77,40 85,38
13: 1,3 23,8 25,15 31,26 32,44 51,8 56,24 57,10 58,40 70,37 73,40 84,16 87,27
14:
15: 2,20 5,43 6,21 22,36 27,44 37,47 38,8 45,29 67,26 68,22 72,16 77,32 86,40 87,39 94,44 95,2 96,35 98,5 99,32
16: 4,10 18,20 66,36 98,47
17: 7,38 30,32 36,28 41,43 86,0 87,33 96,20
18: 9,49 10,17 11,5 25,22 27,5 40,31 48,7 50,8 52,9 56,3 89,42 90,10 93,40 95,49
19: 3,38 14,44 36,24 38,8 44,18 63,29 64,39 80,21 81,11
20: 22,39 26,28 56,45 59,41
21: 9,47
22: 48,25 60,27 91,12
23: 4,10 34,42 35,27 37,19 39,8 41,35 66,41 72,14 77,41 86,2 93,3
24: 7,9 8,1 26,36 29,49 36,44 41,39 50,2 68,7 71,30
25: 2,10 7,28 10,18 11,33 12,12 13,15 18,44 23,38 25,17 27,23 28,47 29,19 31,25 32,28 33,35 34,18 38,37 44,8 50,47 51,28 52,31 55,14 63,12 65,4 68,24 69,31 82,8 84,37 89,0 90,21 92,23
26: 5,11 6,13 7,48 15,25 18,37 19,27 20,48 21,18 24,31 39,44 40,30 41,32 42,43 44,8 45,44 46,41 52,22 59,43 64,30 65,32 67,6 69,26 76,6 86,40 96,14 97,12 98,33
27: 17,10 59,46 67,0
28: 93,8
29: 14,36
30: 9,30 17,17 20,25 50,30
31:
32: 47,49
33:
34: 0,42 3,9 5,45 6,49 7,30 22,4 26,14 27,18 29,20 35,27 36,7 38,16 39,21 40,46 41,9 42,7 43,19 44,40 46,14 49,28 50,22 51,19 52,16 54,22 55,36 61,18 64,35 65,4 70,12 74,32 79,36 87,14 89,1 92,47 93,49 95,18
35: 58,49 89,37
36: 14,31 23,12 32,23 33,38 36,1 54,6 69,37
37: 9,38 12,23 24,22 34,42 36,6 37,35 50,19 87,21 88,0 94,28
38: 1,28 14,4 25,13 27,34 61,28 77,0 89,25
39: 10,19 13,49 14,29 17,48 32,6 43,29 47,44 79,45
40: 55,11
41: 3,27 7,20 11,1 59,14
42: 0,8 36,35 40,1 67,45
43: 1,46 5,2 6,10 20,9 36,32 45,13 53,29 64,31 73,37 74,6 76,8 82,48 85,48 87,17 89,47
44: 42,0
45: 24,36 25,2 60,41 70,13
46: 0,4 2,10 11,31 12,24 13,14 14,38 16,40 18,7 21,42 33,38 34,39 35,29 40,20 51,33 55,3 63,25 71,23 77,34 83,36 89,27 91,34 92,36 93,46 98,38 99,44
47: 19,38 20,44 22,38 40,20 50,35 77,43 97,22
48: 23,2 36,21 45,34 60,12 72,20 73,39 94,8
49: 13,22 18,34 19,3 20,41 21,14 24,47 25,43 26,16 27,35 28,17 30,44 31,46 32,15 35,1 47,23 48,0 54,30 60,26 61,21 65,14 68,38 69,34 70,43 79,18 80,16 81,23 82,35 83,32 86,19 87,12 88,1 89,23 90,21 92,8 95,3 96,20 97,9 99,42
50: 25,27 44,30 98,10
51: 6,23 12,12 43,25 45,49 72,19 98,17
52: 1,35 13,33 21,40 56,30 59,29 64,4 92,32
53: 9,24 10,2 15,36 16,8 17,20 18,7 20,35 22,7 23,33 30,48 31,6 41,27 45,32 47,30 48,2 49,8 52,6 55,42 56,37 57,26 62,36 63,41 64,9 66,42 71,16 83,47 88,9 96,21 97,7
54: 2,26 11,13 16,15 17,43 22,24 31,24 47,34 48,4 74,21 95,20 96,25
55: 9,18 13,34 14,40 39,12 40,8 42,25 45,12 68,1 70,19 71,34 73,31 87,40 93,17
56: 1,6 9,25 14,32 21,32 34,35 41,0 54,37 66,42 76,13 79,32
57: 91,2
58: 27,29 29,34 94,20
59: 59,30
60: 31,46 40,21 47,11 50,11 51,34 54,4 58,14 72,2
61: 12,10 14,44 20,33 30,9 35,29 48,11 49,30 50,25 54,21 62,7 70,24 74,27 75,25 77,12 93,7 94,44
62: 9,24 28,21 44,6 51,7 64,41 65,23 75,2 77,27 90,49 94,15
63: 5,24 14,7 15,25 21,20 22,26 24,4 26,46 30,23 32,46 35,8 36,6 40,28 45,22 51,49 52,26 55,35 62,32 66,10 74,46 84,9 88,0 91,0
64: 3,13 7,15 8,35 9,1 14,1 20,49 21,40 23,2 30,5 32,32 33,14 34,44 35,45 38,12 42,2 44,26 45,14 47,31 60,18 64,3 68,43 74,29 76,9 82,18 87,5 88,29 89,22 90,10 93,48 95,25 96,1 97,28 98,0
65: 5,36 7,49 9,24 23,20 28,45 29,43 37,5 57,0 62,42 64,39 77,8 84,29 85,19 95,21 99,46
66: 3,49 56,25 75,30 82,0 91,0 93,45
67: 4,10 11,8 25,14 95,29
68: 4,15
69: 5,32 14,7 15,10 24,20 37,21 41,43 51,37 55,5 57,17 73,6 83,25 93,9
70: 2,21 20,37 53,39 63,16 71,26 79,44 88,14
71: 81,4
72:
73: 4,5 9,40 12,13 16,18 18,0 19,29 23,11 24,46 27,11 36,12 39,42 64,6 66,21 69,16 70,35 73,30 77,37 81,35 84,13 85,19 91,26 92,11
74: 7,11 8,2 9,43 16,1 17,26 19,46 24,13 25,0 33,42 39,25 48,2 60,32 61,36 67,5 82,12 89,37 90,16 93,27 94,44 99,3
75: 0,23 8,48 17,9 19,16 20,18 28,12 31,10 32,13 37,17 40,6 41,39 42,16 43,30 47,43 52,20 55,49 58,16 60,12 64,10 71,11 72,21 98,42
76: 18,16 22,38 23,24 24,35 46,21 69,31 74,3 80,34 84,44 90,4 91,36
77: 35,24 41,14 58,37 67,9
78: 1,2 2,16 3,45 8,22 12,28 14,43 15,29 16,26 25,16 26,46 28,22 29,40 30,0 33,20 35,3 36,47 39,2 44,22 46,26 47,49 53,25 55,44 57,9 58,31 59,11 60,37 63,14 64,17 65,47 69,8 70,45 71,19 72,27 73,27 76,39 77,45 78,30 79,15 80,40 81,0 83,42 89,20 90,28 93,38 95,22 97,23 98,38
79: 7,42
80: 40,35
81: 4,6 5,17 9,36 10,27 11,33 17,4 22,6 23,24 24,38 28,34 29,47 32,38 33,22 37,16 45,4 51,47 52,19 60,27 62,14 64,3 76,45 88,7 89,32
82: 40,16 52,9 76,14 87,48
83:
84: 0,20 5,18 11,39 14,40 16,45 36,48 73,43 78,37 79,28 81,1 85,17 87,45
85: 18,33 92,39
86: 83,22
87: 33,29
88: 31,20 43,11
89: 8,7 17,7 18,28 24,16 31,9 35,40 36,6 41,23 46,18 49,24 59,35 66,39 67,4 88,13 93,38 98,26
90: 10,39 11,10 22,6 33,3 34,43 55,27 64,14 74,18 92,4
91: 15,44 60,0 63,47 71,11 81,0 89,29 96,2
92: 1,37 3,27 9,0 13,13 14,3 15,5 20,36 30,27 31,20 33,19 37,36 41,16 42,49 43,42 48,5 52,35 66,29 68,45 69,17 83,41 86,33 87,10
93: 3,13 6,29 21,34 39,22 51,44 54,10 57,0 59,9 65,7 70,48 72,30 79,45 85,26
94: 4,29 6,41 8,25 9,44 23,47 31,23 37,2 41,49 43,2 44,38 54,13 67,33 94,18 95,29
95: 4,37 5,40 8,39 10,41 11,21 13,5 14,18 28,49 35,13 37,47 44,12 66,30 72,15 73,17 74,30 88,5 92,16
96: 7,31 8,25 42,20 70,2
97: 0,17 3,24 4,45 5,40 6,16 8,39 9,16 13,47 14,25 15,20 18,3 19,17 20,1 21,17 23,10 24,7 25,37 28,30 29,20 31,6 32,18 33,9 36,3 37,16 38,12 39,42 40,36 42,31 43,27 45,4 46,16 47,21 50,34 51,8 52,30 53,26 55,30 56,8 58,33 59,46 69,16 72,46 73,28 74,46 75,6 76,15 78,29 81,24 84,21 87,43 88,42 89,10 95,28 96,14
98: 3,23 12,24 13,43 17,45 26,12 55,33 57,7 58,43 82,49 89,41 92,37
99: 1,37 10,41 23,23 67,48
