A graph representing a maze
0: 36,6 25,9 28,7 23,3 48,3 50,3 40,1 99,3 42,6 7,2 63,5 47,9 32,8 12,4 24,0 49,4 72,0 88,5 92,3 2,2 11,9 4,3 22,6 26,0 52,7 95,3 39,6 3,6 89,6 54,8 43,1 17,1 70,9 19,7 73,5 41,7 27,1 68,2 82,6 79,7 77,9 67,4 80,7 16,2 55,1 64,2 60,5 31,6 44,9 87,9 51,8 6,2 75,1 69,3 96,5 5,7 78,2 97,3 66,7 83,3 57,7 34,2 76,0 35,5 86,5 65,8 61,2 71,0 91,1 33,4 20,4 0,5 81,8 37,8 14,9 56,3 94,1 84,9 59,9 21,2 29,3 58,0 90,6 85,2 13,3 30,4 93,3 8,8 9,9 10,8 15,5 74,0 46,0 53,3 1,5 18,2 45,8 62,0 98,2 38,6 
1: 26,6 46,8 92,4 60,5 27,3 48,5 67,9 64,0 34,4 29,2 58,8 86,0 12,5 72,6 45,7 36,8 59,2 76,4 4,7 96,2 24,1 55,5 85,8 33,7 94,9 23,1 99,2 3,1 37,7 44,2 35,2 82,8 8,9 56,5 62,8 97,4 6,5 69,0 14,5 10,4 79,7 88,6 18,8 98,5 84,6 9,1 30,6 2,0 77,0 61,5 66,7 40,9 57,9 38,8 31,7 39,4 65,5 68,2 50,1 80,8 87,9 22,4 93,4 47,9 5,5 70,6 41,9 54,9 21,8 51,8 11,3 19,3 89,2 95,1 28,4 43,6 63,1 15,7 25,0 13,7 16,6 91,7 74,7 52,2 20,2 83,8 7,6 71,3 49,6 1,3 73,5 0,4 32,3 81,9 42,6 75,7 78,2 17,3 90,0 53,9 
2: 7,9 4,1 47,0 32,3 54,3 92,9 0,0 68,7 94,4 25,5 35,4 49,9 91,5 22,8 56,3 75,5 45,1 70,7 81,4 24,0 65,0 86,0 1,0 72,8 89,1 38,1 6,2 26,6 44,0 78,5 83,5 3,1 5,9 12,8 30,8 58,1 97,4 76,2 85,5 18,2 95,9 20,8 55,1 29,9 57,4 34,9 90,5 13,4 11,1 2,2 40,3 84,0 93,6 52,7 79,1 19,7 51,9 73,3 23,2 63,2 99,6 64,0 48,0 53,8 46,5 80,4 42,1 21,7 17,3 62,5 8,2 16,3 10,7 77,1 15,4 33,9 67,0 36,4 37,4 50,2 31,8 98,3 82,2 9,7 69,4 27,5 39,2 88,7 87,3 28,7 74,6 96,4 60,2 14,3 59,3 66,1 43,6 41,4 61,4 71,0 
3: 18,7 60,1 29,7 62,5 68,9 28,8 40,9 96,0 79,9 56,6 26,9 30,8 31,6 67,9 46,5 75,9 87,5 59,6 94,6 12,4 70,7 14,2 54,6 57,4 95,5 1,4 91,9 25,9 50,0 98,5 99,6 34,8 74,8 19,1 41,3 8,4 64,7 89,9 6,6 5,0 39,4 9,0 86,9 16,2 3,6 63,8 21,0 65,2 55,9 58,8 73,4 80,8 42,0 33,3 83,2 82,0 51,7 69,5 44,6 35,2 72,5 37,8 27,4 11,4 84,5 92,3 47,4 85,7 20,5 66,5 53,5 77,2 52,3 13,9 0,0 23,2 7,4 2,5 61,1 71,9 78,2 76,5 90,6 4,9 22,8 43,9 81,3 24,7 15,0 32,6 93,7 10,5 36,1 48,3 49,5 38,5 45,9 17,0 88,5 97,8 
4: 51,8 52,9 90,6 70,3 4,9 1,5 61,2 85,7 94,8 82,1 89,0 64,4 66,9 65,1 92,9 0,5 15,1 96,0 43,9 29,5 74,0 53,1 80,8 46,5 98,2 69,3 18,1 49,9 84,5 78,0 32,6 62,2 87,4 81,0 72,2 60,1 83,7 45,3 14,6 5,5 91,0 23,2 33,1 59,1 38,0 76,9 17,7 25,2 7,6 34,6 73,1 20,4 41,3 71,2 48,1 55,3 54,1 35,7 3,9 86,8 99,7 22,5 47,4 42,8 63,2 11,2 16,5 24,6 21,1 13,7 77,0 2,6 31,2 19,9 28,1 79,8 67,6 26,4 10,4 39,5 95,5 6,2 97,4 44,2 57,0 75,9 30,0 88,3 8,9 93,8 68,6 37,9 12,2 58,3 40,7 9,2 27,7 56,9 36,1 50,4 
5: 40,2 19,3 32,2 67,1 10,7 73,1 16,3 31,4 85,0 41,4 63,4 52,5 66,4 93,4 0,2 98,5 75,1 82,9 56,2 74,6 81,4 68,6 8,9 65,9 39,3 76,1 26,8 89,7 36,9 29,4 18,3 11,3 13,0 14,4 34,3 83,5 70,5 24,0 22,4 15,2 61,0 64,9 57,1 88,3 9,9 47,4 21,3 95,0 20,8 28,3 4,0 69,6 78,1 94,9 46,3 49,7 72,5 50,5 7,6 2,6 33,2 38,7 99,2 44,1 27,5 48,4 87,4 3,9 35,3 59,6 45,7 42,4 6,3 62,8 79,2 90,8 58,8 91,4 17,5 54,0 23,1 84,8 1,1 30,9 77,4 37,8 96,5 71,1 60,5 97,8 53,0 51,0 55,4 86,2 80,7 12,2 92,5 5,4 43,2 25,7 
6: 94,5 38,4 95,5 72,7 75,7 23,1 86,4 25,4 64,0 71,2 89,6 39,5 46,1 29,4 55,5 83,4 68,5 57,9 65,1 35,8 98,4 48,3 67,4 28,0 44,7 49,0 27,0 90,3 51,9 52,2 34,1 85,5 76,3 14,7 92,0 7,4 77,5 69,4 40,8 30,3 6,6 1,5 19,9 91,0 42,7 66,0 33,8 12,6 22,6 4,1 82,0 60,2 5,4 81,1 54,4 37,4 3,9 80,4 17,2 79,3 13,0 63,6 88,0 43,7 56,2 78,7 93,5 32,6 36,6 59,4 97,0 18,2 58,8 73,8 84,9 20,8 9,8 62,2 11,4 15,5 99,4 26,6 70,4 47,8 16,3 2,5 41,5 21,0 50,0 45,2 87,8 96,0 8,9 53,6 0,5 74,6 24,0 31,6 61,7 10,9 
7: 8,8 21,8 32,3 38,9 77,2 35,0 11,2 56,5 0,9 95,0 85,4 96,8 86,7 47,9 51,7 27,8 76,6 62,6 66,3 30,9 65,0 15,0 55,5 80,1 60,2 29,2 4,3 39,7 94,4 18,9 45,8 93,6 92,2 52,4 90,9 13,1 40,6 1,7 49,6 43,8 14,7 44,3 50,4 69,0 7,2 46,1 70,3 58,4 88,0 6,9 67,9 19,6 31,1 57,7 33,3 9,6 68,0 72,1 5,2 37,1 42,4 87,9 48,8 20,1 22,8 25,4 12,0 34,3 97,9 53,2 59,6 99,9 17,7 71,1 16,3 98,2 64,9 24,0 75,0 91,4 73,6 28,2 36,1 84,6 79,1 54,3 63,4 41,3 81,4 89,7 74,0 78,6 10,0 3,2 26,4 23,9 83,5 2,5 61,7 82,1 
8: 96,1 55,4 0,0 9,6 54,2 88,7 83,2 6,8 40,2 91,6 64,7 52,9 4,6 34,7 85,7 35,3 3,5 70,5 81,0 78,0 18,0 10,7 37,4 50,1 25,6 16,6 36,7 38,6 7,4 92,2 58,1 87,5 77,5 99,2 63,4 17,4 76,9 19,9 42,8 22,6 45,4 68,3 11,3 28,2 29,0 49,3 20,5 71,9 32,8 47,9 13,7 98,8 65,7 44,2 90,8 66,3 61,7 12,8 72,7 15,9 62,4 94,8 97,3 80,0 46,6 67,0 43,9 31,4 33,0 79,5 73,7 51,7 74,6 26,6 57,9 2,6 39,2 60,7 93,8 86,7 95,2 59,1 30,0 24,8 5,7 82,5 75,3 21,2 14,3 23,4 27,4 53,5 69,8 48,7 84,1 89,0 41,8 1,2 56,1 8,2 
9: 84,7 67,1 69,7 97,3 17,1 30,8 80,6 38,6 2,1 94,7 91,8 45,5 73,2 10,9 29,9 6,9 36,5 96,4 44,9 76,8 99,3 32,4 46,8 37,0 53,0 54,1 85,6 21,4 93,3 72,1 90,0 0,1 61,5 86,4 83,7 64,4 81,5 78,5 8,9 5,6 66,6 88,2 47,3 70,9 58,8 3,3 39,2 14,3 27,3 59,5 34,3 42,4 49,4 52,2 60,1 74,8 68,1 77,8 16,6 40,2 79,7 15,9 43,2 57,0 25,7 33,3 23,4 4,8 71,0 48,1 65,2 51,4 82,5 7,7 63,3 1,1 98,1 22,6 56,7 13,3 26,5 50,7 11,0 55,7 24,1 41,5 87,8 95,5 75,0 19,8 35,7 12,9 31,0 89,6 62,0 28,2 92,4 18,1 20,5 9,5 
10: 41,6 33,0 90,3 60,6 7,5 6,6 87,4 80,2 91,5 24,1 73,0 61,7 88,0 59,9 10,3 65,4 46,3 28,5 50,9 84,7 57,4 54,1 64,7 62,5 9,3 32,4 18,5 69,0 12,2 43,8 1,9 11,8 0,8 40,5 52,2 75,9 25,2 29,2 77,6 92,8 68,0 13,8 53,8 66,6 74,5 35,5 36,6 95,4 70,6 85,5 3,2 14,0 4,6 83,8 31,3 16,1 96,6 15,0 97,0 78,2 99,0 21,0 48,9 38,3 5,7 39,5 22,8 2,2 79,0 71,5 34,2 27,8 58,5 55,2 23,8 51,9 94,6 45,4 56,0 81,2 20,0 26,1 37,6 82,5 49,7 98,0 47,5 44,8 30,3 93,9 17,7 63,3 42,0 76,9 86,8 67,8 19,4 8,0 89,8 72,1 
11: 17,9 30,5 49,0 52,5 35,6 82,2 22,8 66,6 1,2 44,5 88,5 94,3 14,9 59,5 34,6 90,4 45,8 61,2 74,2 87,6 85,7 62,5 36,5 23,4 67,4 53,4 16,8 19,0 81,3 79,0 46,8 29,7 10,4 98,1 51,0 58,4 26,9 21,0 27,3 50,1 60,3 97,1 31,6 39,8 73,4 80,6 78,4 68,0 65,8 95,6 76,4 47,1 64,0 56,8 25,9 96,4 69,9 55,5 6,0 37,6 41,2 71,8 3,1 12,2 13,9 48,9 2,8 33,9 86,9 63,1 70,2 93,7 4,2 77,7 18,7 72,1 84,1 11,8 9,1 75,9 8,0 54,8 15,1 42,6 57,4 40,3 99,6 7,9 5,9 20,3 91,3 0,2 24,1 89,4 32,5 43,9 83,5 28,6 38,3 92,3 
12: 8,0 27,7 50,4 52,3 62,1 76,4 47,3 68,9 45,2 15,0 79,1 41,7 13,2 26,8 75,5 11,8 9,1 7,1 39,8 94,2 28,0 23,6 3,1 20,9 80,1 84,7 0,4 67,2 86,8 89,5 14,5 10,2 74,4 97,4 83,8 49,3 22,6 78,4 51,4 88,8 82,8 99,2 72,5 19,0 61,1 40,6 65,0 21,0 16,7 6,6 55,6 91,6 48,0 64,8 32,2 5,6 77,5 92,8 60,6 2,9 25,9 59,5 46,7 53,5 43,2 30,6 69,4 81,6 66,4 37,3 18,2 31,7 36,0 87,5 63,6 33,4 56,3 58,8 96,0 70,5 85,8 54,5 95,1 71,1 12,1 38,5 24,8 29,9 35,9 42,6 17,0 90,0 57,8 93,8 98,1 44,0 1,6 4,1 73,9 34,0 
13: 9,6 93,0 4,4 95,2 25,5 71,3 30,0 45,1 53,6 81,3 14,9 23,9 34,5 57,7 42,5 7,7 89,5 24,3 47,7 63,9 96,8 3,3 82,0 18,0 68,5 73,0 74,0 50,7 21,0 56,5 39,9 55,7 66,0 60,8 15,1 26,8 38,3 78,9 33,7 51,5 11,7 70,2 35,8 85,6 6,4 31,3 16,7 62,6 20,3 22,9 28,1 32,5 87,4 1,4 52,5 88,1 40,4 98,9 5,7 94,3 2,5 58,3 43,8 72,3 10,4 59,6 54,2 49,8 80,6 61,4 76,8 77,3 92,9 99,8 36,8 65,4 13,2 67,8 75,6 0,0 79,7 83,5 97,2 91,8 37,8 90,3 19,1 46,7 69,1 12,6 86,6 29,9 41,2 64,2 27,7 17,5 44,0 84,4 8,3 48,3 
14: 24,4 70,4 77,9 91,8 85,9 44,5 59,8 93,9 41,7 57,2 61,8 37,5 82,2 13,1 86,2 92,0 19,0 17,1 47,2 97,1 36,5 12,2 94,3 65,5 21,1 60,4 95,5 7,3 75,3 33,8 23,5 3,6 28,2 35,0 43,7 63,1 6,5 56,3 58,2 39,8 90,4 5,4 40,2 42,8 4,5 55,0 71,1 72,1 0,1 52,0 25,8 32,8 48,1 99,7 9,1 69,6 98,4 53,4 74,2 38,2 66,2 68,6 45,0 80,6 78,2 1,4 73,0 27,9 49,4 18,2 11,0 46,5 88,3 51,9 29,7 20,6 14,6 62,4 8,4 84,1 96,0 87,1 26,5 50,8 81,4 31,5 34,0 30,1 79,6 89,2 15,2 22,6 64,0 83,9 2,1 16,2 54,9 67,7 76,0 10,4 
15: 3,2 67,9 59,0 36,6 31,1 88,6 29,2 0,5 51,6 47,6 64,7 8,6 96,0 5,2 41,4 62,4 33,7 49,6 84,6 79,1 74,4 46,6 68,8 86,8 7,2 56,7 25,6 6,7 82,5 9,5 97,2 54,8 45,4 42,6 35,1 23,4 4,3 44,6 94,7 13,1 27,5 69,0 75,6 98,6 53,5 55,4 19,2 39,0 90,0 20,2 37,1 57,8 34,6 89,4 65,7 14,7 66,3 60,8 43,8 11,2 30,3 80,7 99,7 61,6 10,2 87,8 21,0 17,4 81,1 40,1 91,0 18,9 76,2 26,3 72,9 1,3 58,6 63,4 92,2 38,5 48,3 83,2 93,4 24,6 16,7 85,6 71,5 12,4 77,3 15,0 52,2 50,1 22,2 28,0 73,4 95,1 70,9 78,0 2,3 32,4 
16: 71,7 8,1 22,1 48,6 76,7 32,1 46,4 50,4 41,7 12,6 34,1 61,1 65,4 98,1 11,0 47,0 77,5 75,1 5,1 52,8 90,4 38,0 97,3 74,8 58,3 63,3 7,0 6,8 43,1 94,4 99,4 79,6 49,7 20,0 53,6 70,5 2,4 33,7 95,8 42,2 67,5 21,0 62,9 51,2 4,9 44,8 59,5 78,0 57,6 18,0 69,7 17,1 88,4 37,1 16,8 68,2 83,6 86,7 27,4 81,7 31,6 36,1 14,5 0,4 13,8 35,8 30,6 23,4 84,7 10,0 40,9 72,6 3,4 55,5 92,4 15,2 82,9 24,7 73,2 39,8 89,7 64,3 66,0 60,4 19,3 29,9 87,9 91,7 1,2 80,2 26,6 93,8 54,8 28,9 56,4 96,1 45,3 9,3 85,0 25,0 
17: 90,0 63,1 6,6 96,1 64,1 8,3 94,6 5,8 47,4 38,0 93,1 60,3 31,2 14,2 71,2 11,6 87,8 41,6 15,5 68,1 43,4 73,0 37,1 88,1 16,2 49,5 98,9 4,1 10,3 33,2 9,5 21,9 53,3 0,9 61,7 66,3 45,4 55,5 92,3 26,2 95,0 85,2 74,5 17,5 19,0 62,3 56,0 52,1 3,0 35,2 65,4 91,0 75,4 58,0 72,4 83,1 77,0 12,3 44,0 2,7 48,2 99,4 84,7 89,9 18,6 54,4 51,6 28,4 29,5 81,8 59,5 70,3 69,7 86,8 42,5 22,5 57,8 79,3 39,2 13,6 23,1 82,3 1,3 7,8 76,7 27,6 30,8 50,8 36,9 20,4 32,7 24,8 80,7 34,4 67,9 78,1 97,1 25,7 46,7 40,3 
18: 38,1 64,8 85,1 47,3 52,8 55,0 74,5 41,2 95,8 57,9 24,8 62,1 22,5 75,3 39,0 63,4 0,8 53,0 20,6 84,1 10,6 11,3 14,7 32,5 48,5 44,8 83,8 50,1 51,2 25,6 65,6 92,7 31,7 91,9 40,1 19,7 17,9 8,8 3,4 37,1 69,1 78,5 5,7 16,1 35,8 28,3 6,4 33,6 9,1 89,1 2,9 30,3 97,2 7,1 29,5 90,7 59,8 42,5 45,1 68,4 70,6 61,1 94,3 72,2 81,9 34,7 54,6 79,9 98,8 1,3 73,0 87,1 36,2 43,5 76,8 23,3 96,2 49,9 86,2 77,3 18,3 93,5 46,9 13,4 82,7 99,4 58,4 66,8 67,3 60,3 12,0 4,5 71,2 88,6 56,0 26,6 80,4 21,4 15,2 27,3 
19: 58,8 62,9 9,3 36,0 32,4 96,4 38,7 35,0 21,1 18,5 56,7 98,3 31,2 51,4 61,4 60,9 12,2 30,6 5,0 33,3 90,4 4,1 59,2 1,8 10,6 16,8 6,0 17,2 24,1 75,4 37,4 67,2 81,4 28,5 68,9 7,0 50,1 92,3 93,8 78,7 20,2 53,7 2,1 99,1 48,8 65,4 14,5 55,1 52,4 27,6 83,1 22,7 89,4 72,2 19,4 34,3 39,2 76,9 15,1 44,5 47,6 29,3 3,5 71,7 88,0 82,8 46,2 57,7 63,4 49,6 64,8 11,9 86,1 41,4 94,4 25,8 97,0 79,6 74,7 95,3 73,0 91,6 43,3 0,8 85,3 23,2 40,0 8,1 69,4 70,0 87,7 84,8 26,3 13,1 66,6 45,4 77,2 42,8 54,1 80,5 
20: 48,2 59,3 81,1 62,8 3,7 44,7 97,8 80,1 1,4 37,3 60,0 24,5 52,3 42,5 14,8 96,4 46,0 43,2 12,3 7,8 56,3 76,2 18,5 35,9 53,2 82,2 57,6 40,0 86,9 33,4 78,9 99,8 85,7 21,3 32,7 17,4 29,5 54,6 95,9 26,7 39,3 50,4 34,4 61,9 70,4 92,9 10,2 88,5 4,2 79,1 23,9 30,4 64,7 0,1 55,0 91,8 68,2 5,2 8,4 51,6 67,9 45,9 13,2 15,9 38,5 20,9 63,2 22,1 90,6 65,8 74,9 27,6 87,3 66,8 73,0 77,2 84,0 9,3 98,6 47,6 28,1 36,9 58,0 71,6 83,1 93,8 2,9 75,4 16,7 89,5 31,7 72,6 41,7 6,5 11,7 25,6 94,7 19,6 49,8 69,0 
21: 53,6 21,6 60,1 56,4 33,9 22,4 75,2 43,6 13,4 6,4 25,9 26,3 89,2 3,5 18,1 97,9 23,7 20,9 51,9 66,0 36,9 64,8 58,8 85,1 81,1 73,3 50,4 55,7 31,6 80,9 4,5 71,0 94,8 93,1 54,2 78,7 72,1 91,8 30,4 19,4 67,2 90,0 44,2 11,9 86,7 9,9 96,0 45,1 0,6 29,7 10,7 69,0 37,5 40,4 79,2 46,4 82,0 32,6 16,4 28,4 83,9 49,5 77,6 5,8 76,5 59,9 61,0 98,1 99,7 38,3 84,9 17,9 88,9 24,8 48,3 70,9 14,0 35,4 68,1 8,2 34,4 92,7 95,9 15,7 12,9 47,4 74,6 7,0 62,9 42,8 27,3 52,1 63,3 2,8 1,7 57,5 39,0 41,9 65,3 87,9 
22: 41,1 49,7 91,6 2,0 94,7 81,5 68,8 48,5 60,4 98,1 36,2 22,9 34,9 21,1 33,3 25,2 39,5 76,5 30,8 55,4 79,4 27,6 99,5 67,9 84,6 37,4 35,7 45,2 50,6 46,1 6,3 87,2 23,7 51,4 95,1 80,8 3,6 70,6 20,9 43,5 93,5 9,0 16,4 13,3 85,6 63,4 10,9 74,5 89,1 0,4 47,6 44,1 56,7 42,9 75,6 86,4 5,4 53,9 66,8 15,3 40,3 31,7 52,1 7,1 18,0 72,6 32,9 62,9 61,8 14,4 26,7 28,0 64,5 97,6 96,4 92,5 73,4 17,4 83,3 29,9 90,6 88,8 11,2 1,5 38,3 57,6 59,3 24,6 82,4 69,6 19,4 77,1 58,0 4,2 65,9 78,8 54,6 12,5 8,5 71,1 
23: 56,5 7,1 10,5 47,0 35,8 45,9 8,7 64,6 99,2 58,1 61,8 89,9 84,0 17,9 18,5 75,0 25,5 62,0 28,7 78,1 46,2 49,6 33,4 21,4 53,1 37,2 69,5 14,5 42,0 26,7 40,4 32,5 48,7 4,8 92,4 3,5 43,7 59,7 63,2 12,0 36,5 86,8 6,2 55,5 1,5 60,3 74,9 97,2 38,5 80,9 54,0 19,4 68,6 81,0 87,0 50,4 93,1 39,0 9,7 73,2 77,7 24,2 90,5 31,9 70,9 16,9 94,4 13,8 5,2 41,1 91,9 27,6 72,4 82,3 65,7 95,0 11,2 67,4 52,7 79,0 22,4 34,6 57,4 29,0 85,3 83,3 51,4 23,0 20,3 30,3 98,8 66,2 88,6 2,8 15,4 0,3 71,2 96,8 44,8 76,7 
24: 16,9 91,3 9,7 85,9 64,7 94,3 34,1 70,6 3,4 98,7 35,4 99,3 55,2 7,9 58,6 56,2 54,2 8,3 60,5 93,6 27,8 14,5 95,3 12,2 80,5 50,6 29,8 22,6 97,9 47,4 23,8 19,9 83,6 66,6 82,7 92,3 52,1 45,7 77,3 90,3 26,9 67,2 10,4 17,2 65,7 88,6 13,7 72,2 46,8 89,2 44,1 20,1 49,1 1,4 2,3 30,4 32,3 21,4 41,9 42,8 11,7 69,1 75,1 68,1 5,2 0,9 87,7 15,1 71,9 79,8 73,5 6,7 31,8 53,1 57,7 25,2 74,9 4,5 63,3 81,9 38,3 51,0 84,4 86,6 37,1 40,7 96,9 33,5 61,4 18,3 36,7 62,5 43,7 78,7 48,3 24,3 28,2 39,1 59,1 76,3 
25: 15,5 47,0 24,8 10,9 52,0 3,2 55,4 83,2 96,2 26,8 20,9 41,1 72,6 98,3 5,9 85,7 36,4 51,3 43,7 23,1 73,9 30,3 75,4 16,8 67,0 92,7 40,6 31,4 70,3 7,3 88,6 76,0 77,0 27,0 59,4 38,4 66,8 48,5 97,8 4,2 13,6 49,9 86,0 37,9 74,4 87,3 71,3 53,5 50,7 69,6 1,9 0,2 2,7 82,9 32,3 61,4 6,9 35,8 80,0 57,3 81,1 45,3 25,6 28,5 8,6 14,7 95,1 79,5 90,2 93,9 78,4 60,0 63,5 56,2 91,2 46,8 11,2 54,5 58,8 18,8 12,1 9,9 89,5 22,0 84,6 68,7 62,7 44,8 94,0 99,5 34,8 42,8 17,5 29,4 64,3 39,2 19,5 65,1 21,7 33,7 
26: 51,3 55,2 67,7 16,3 21,8 75,4 65,3 32,8 42,7 8,2 20,6 9,5 26,7 60,8 77,8 57,5 69,4 59,7 31,9 73,7 64,6 48,3 17,8 66,6 47,0 25,5 81,7 11,9 61,2 40,8 43,1 52,3 24,2 1,5 87,3 18,2 4,5 83,2 19,9 23,3 13,7 92,1 78,6 56,2 99,8 45,6 29,8 58,6 89,6 63,9 62,6 14,2 70,9 22,0 41,9 90,2 0,7 34,1 82,6 80,5 71,7 30,8 6,7 50,2 95,6 76,0 27,3 98,5 72,2 86,7 93,4 85,3 97,8 10,7 38,2 44,4 2,4 3,5 5,8 46,1 96,4 79,8 33,8 74,0 35,2 12,3 68,3 7,6 39,4 49,1 54,7 88,7 15,8 84,8 36,8 28,3 37,0 94,7 91,1 53,1 
27: 26,4 97,7 48,9 96,0 23,7 14,1 39,5 67,3 68,7 72,3 28,6 0,4 56,0 47,9 60,2 9,5 58,1 40,3 41,9 5,7 61,4 25,2 64,4 20,3 62,1 36,4 44,1 24,7 55,2 99,3 12,6 50,1 63,0 59,0 35,9 32,0 19,7 83,5 34,6 90,9 37,8 33,9 4,1 91,7 98,4 65,5 77,3 70,5 87,1 2,0 10,8 38,4 78,6 92,0 46,4 69,2 88,6 84,5 86,3 52,0 7,2 73,5 16,6 79,4 30,4 54,2 76,2 66,4 49,6 29,7 8,0 81,1 11,0 89,8 80,7 18,6 71,6 53,1 85,9 94,7 6,3 1,4 27,4 3,7 75,6 13,5 95,6 82,9 42,2 74,9 17,1 57,6 45,3 31,9 51,5 15,4 21,3 93,7 43,3 22,9 
28: 21,6 73,7 71,1 52,4 78,3 75,3 86,0 3,4 58,5 11,0 68,3 57,4 19,1 59,7 30,4 54,6 76,5 79,3 97,6 44,4 15,5 36,0 56,5 7,8 42,4 34,8 82,3 12,4 77,0 85,1 33,1 4,0 23,1 62,1 99,8 51,2 95,8 40,8 18,0 0,7 50,5 65,8 29,2 55,2 91,5 80,2 9,9 32,3 84,8 17,5 48,7 27,9 43,2 74,2 47,8 96,2 64,2 16,0 61,2 24,3 93,4 37,3 31,0 38,7 22,2 28,7 5,0 92,6 41,9 63,8 70,4 14,3 20,5 69,7 60,6 94,0 89,0 72,7 67,2 6,8 25,6 87,9 49,3 88,7 53,4 35,9 45,9 2,3 39,9 66,4 81,5 13,1 83,8 46,5 90,1 8,0 1,8 10,9 98,8 26,0 
29: 43,8 23,2 84,5 79,4 33,6 54,1 58,9 28,2 16,3 69,4 50,4 40,1 44,7 64,4 86,1 60,4 15,7 34,4 2,7 22,0 13,5 7,6 82,8 52,7 83,1 18,3 8,9 78,4 4,7 55,2 57,3 61,0 39,0 93,6 0,8 70,9 32,1 20,8 35,1 14,9 45,8 53,1 98,3 94,0 63,7 59,9 97,6 48,4 42,8 66,0 30,9 5,0 38,6 65,3 49,0 72,4 80,7 87,0 6,9 81,2 46,9 36,2 73,6 96,7 76,7 25,5 99,3 9,8 29,5 24,3 37,4 1,3 47,7 3,8 27,1 31,7 95,7 67,6 12,6 91,4 26,9 21,2 56,2 85,3 62,4 89,0 17,0 10,7 90,9 71,6 88,9 11,1 51,2 19,8 77,9 74,2 92,1 68,7 75,5 41,5 
30: 75,1 8,2 25,0 39,8 17,2 66,3 85,6 82,7 51,3 90,2 37,2 70,5 22,0 34,3 71,8 41,2 15,6 27,6 61,7 95,1 56,4 11,0 43,3 48,7 19,9 24,2 26,0 72,1 10,8 42,8 73,7 92,7 29,5 50,9 31,7 80,7 55,5 59,0 12,4 96,0 33,5 63,4 1,0 7,9 74,2 76,6 4,1 54,2 97,8 53,0 20,3 13,9 32,2 67,0 0,6 57,3 94,9 49,3 77,4 14,4 60,4 78,1 18,3 52,8 21,8 46,3 6,2 16,0 30,1 68,9 88,0 36,0 45,4 93,7 5,7 99,8 23,2 83,0 87,1 89,0 79,4 47,3 58,4 40,4 28,6 91,8 98,6 3,3 35,2 9,4 65,4 69,4 64,0 86,2 38,2 2,7 84,7 62,3 44,9 81,2 
31: 88,5 87,6 48,0 80,4 54,7 74,3 10,9 1,9 9,3 99,4 23,8 84,9 31,1 0,0 30,6 37,0 66,2 82,2 44,8 78,9 62,4 86,4 72,6 27,3 49,7 13,7 20,8 98,0 8,3 29,0 5,9 61,7 51,8 14,0 25,5 73,7 42,5 38,8 39,0 63,4 12,9 2,0 57,4 96,0 92,4 94,3 89,5 91,4 60,9 32,1 53,6 21,2 97,7 4,3 6,6 76,9 46,2 28,0 69,4 35,4 33,3 7,3 18,6 71,1 43,2 70,8 95,5 22,4 79,2 56,5 11,2 55,6 58,0 68,8 75,8 41,4 93,6 85,8 16,0 90,6 15,0 40,3 24,9 83,9 52,4 81,5 3,5 64,6 45,8 19,1 36,6 77,4 26,5 59,3 67,1 47,6 17,2 34,3 50,5 65,4 
32: 25,1 27,7 35,9 3,7 46,3 5,2 31,3 14,7 60,4 66,9 75,9 52,7 13,5 17,2 24,0 18,9 72,3 32,9 59,3 86,7 2,6 53,4 28,5 6,2 7,3 67,8 87,4 69,5 62,5 16,2 81,6 1,2 80,7 83,1 37,2 58,7 11,3 70,4 98,3 4,3 23,3 12,2 89,3 34,3 97,1 54,3 78,2 33,8 73,0 15,4 56,8 68,7 79,5 26,4 19,0 38,8 10,3 85,3 41,4 45,6 88,3 64,0 99,7 57,6 94,8 22,0 91,9 0,5 84,9 40,5 71,3 76,8 82,1 48,8 44,8 95,2 9,1 43,7 20,3 51,2 61,9 50,6 55,5 39,5 47,9 65,4 30,8 77,0 93,9 74,4 36,5 21,9 96,2 42,9 29,6 63,8 8,1 90,6 49,2 92,7 
33: 10,3 21,7 9,7 72,6 23,4 40,6 57,2 7,9 37,7 16,1 97,2 0,6 43,8 51,2 69,0 20,0 29,7 96,6 46,9 17,3 35,3 36,8 87,7 95,5 59,3 27,7 13,3 71,1 34,2 2,2 64,7 63,0 26,5 74,1 80,7 25,2 19,0 41,4 49,2 98,6 76,1 67,2 4,4 5,2 68,1 53,0 84,7 73,8 58,3 83,4 11,4 48,0 81,9 62,1 82,4 86,0 66,4 15,7 28,6 44,7 91,0 6,7 14,3 99,6 92,2 54,0 85,7 3,7 52,9 78,0 61,1 50,6 70,7 89,7 22,2 79,8 56,5 30,8 45,4 55,7 32,7 39,3 33,4 88,9 8,2 24,3 65,1 12,9 77,9 42,9 94,1 60,8 31,8 75,1 18,8 1,8 38,6 93,5 47,1 90,2 
34: 89,2 73,8 2,6 96,0 61,4 74,7 84,2 95,1 4,3 69,2 57,6 31,9 71,6 92,4 20,5 75,2 86,4 62,0 23,1 53,8 91,1 88,1 35,7 58,6 82,1 10,4 13,7 48,8 59,5 6,7 40,1 54,0 38,8 41,0 17,0 65,4 29,0 30,8 83,0 1,8 45,0 19,4 42,9 44,6 28,5 79,3 3,9 55,0 22,3 5,5 67,5 21,0 24,2 32,9 49,1 78,3 66,3 11,2 16,5 36,4 26,1 0,3 64,3 7,4 85,7 12,7 72,0 87,8 27,0 80,7 94,8 76,5 37,1 63,6 50,9 68,5 9,5 81,2 47,0 18,5 14,9 60,2 90,0 98,7 33,0 93,8 15,3 52,5 97,8 39,5 70,3 43,3 77,4 56,6 34,1 46,8 25,3 8,7 51,4 99,5 
35: 36,0 17,6 37,3 35,5 10,1 47,4 71,8 13,6 6,6 81,1 42,9 23,8 1,1 52,5 95,0 9,7 51,1 4,5 77,6 83,5 28,0 40,5 14,9 57,2 63,3 66,0 43,0 29,1 86,8 0,8 62,0 48,2 34,5 60,3 41,5 50,5 59,6 22,7 53,5 2,1 21,6 20,2 56,7 67,2 93,9 27,2 11,1 33,1 89,9 5,6 16,8 55,8 78,1 64,1 72,2 39,4 74,7 18,3 88,0 26,2 98,0 99,8 91,7 12,7 8,4 15,2 96,7 79,7 25,5 94,6 92,6 46,3 61,6 69,7 70,8 80,6 19,8 30,8 84,5 44,8 45,7 32,2 68,4 73,4 49,8 65,1 85,2 87,2 38,6 3,8 58,5 7,7 76,8 82,6 90,3 24,7 31,2 54,8 75,1 97,5 
36: 39,0 84,7 95,1 90,1 19,2 72,6 75,5 25,6 42,7 16,3 6,6 97,3 40,7 8,6 80,9 7,1 10,8 60,4 67,2 68,2 13,2 78,9 23,5 41,2 50,5 3,0 71,3 21,1 87,6 30,7 76,7 88,9 52,0 53,0 93,5 15,0 24,1 62,0 91,7 47,3 33,3 94,6 11,2 17,2 27,4 4,6 12,9 2,1 43,7 69,5 57,8 96,7 61,6 79,0 22,8 86,4 34,1 66,3 36,9 9,2 82,4 70,6 31,6 38,3 64,5 74,3 5,3 44,9 73,4 54,1 63,2 26,1 35,5 49,7 77,5 99,9 58,0 98,0 0,1 92,3 89,0 32,3 65,7 81,8 83,3 56,6 14,4 28,9 45,9 59,2 51,5 37,2 20,1 18,9 29,5 48,2 46,3 55,0 85,6 1,3 
37: 65,4 25,9 11,4 34,9 22,7 36,1 59,7 64,3 8,5 53,7 49,7 85,3 54,2 44,1 26,9 33,6 89,6 13,1 80,3 30,6 82,0 76,3 98,5 56,9 24,5 71,6 88,6 83,4 15,4 32,1 35,1 81,8 7,2 52,9 68,8 75,4 10,3 96,6 77,1 70,9 28,0 73,1 50,7 79,3 29,0 97,0 39,7 95,8 48,3 40,1 86,3 61,9 51,9 58,3 46,7 94,3 4,7 57,8 92,7 69,1 66,2 55,2 5,6 42,9 9,4 16,9 91,7 19,7 23,6 12,7 20,3 18,7 41,3 31,3 3,6 27,3 63,7 67,1 99,8 2,1 6,0 62,2 45,0 37,1 43,0 78,3 87,0 38,5 60,3 14,8 17,7 72,0 74,2 93,6 84,4 90,2 1,8 47,5 21,8 0,7 
38: 16,6 28,7 48,3 14,0 2,1 29,8 39,5 58,1 13,1 56,0 94,5 43,6 46,8 33,2 49,8 40,5 73,3 66,4 77,4 0,2 12,7 86,3 61,2 59,6 38,9 70,9 7,0 85,9 76,2 81,3 30,9 50,7 83,2 93,6 99,7 6,5 17,8 36,6 5,7 47,7 45,4 4,1 80,0 32,5 23,6 34,2 72,9 51,4 9,2 18,9 68,3 97,0 98,9 89,4 25,7 52,3 22,4 75,1 60,0 96,6 69,6 27,6 84,3 90,8 78,4 91,7 62,9 95,4 71,4 74,7 82,4 88,9 11,5 19,4 42,5 31,3 21,4 37,1 24,4 3,0 67,8 1,0 8,9 26,5 79,1 41,3 57,6 63,3 55,7 44,8 54,1 15,2 65,1 20,0 10,5 35,0 53,4 64,1 87,6 92,8 
39: 82,7 4,3 84,4 98,5 19,4 26,0 68,2 76,7 7,5 78,3 94,1 20,7 21,7 44,7 29,5 41,2 90,8 1,7 18,8 51,6 23,3 42,8 88,8 48,0 17,4 30,4 46,1 80,1 62,5 35,9 53,6 11,6 79,2 85,1 70,8 50,6 65,1 71,0 73,6 55,9 60,9 63,9 97,4 64,0 43,7 33,3 99,7 2,3 81,1 38,2 16,7 75,4 87,7 3,1 0,7 58,7 92,1 95,3 52,2 77,9 34,9 72,6 28,1 31,4 27,3 14,1 37,9 40,7 69,5 74,3 32,5 86,4 67,9 13,1 36,1 10,5 93,3 57,7 96,3 89,4 66,1 5,7 91,3 9,0 59,7 39,1 6,5 49,9 22,5 8,0 24,3 56,7 54,4 45,9 15,1 47,7 83,3 12,0 25,0 61,7 
40: 95,5 71,4 28,3 74,5 31,7 7,9 64,3 9,2 88,0 69,8 1,2 77,9 37,4 50,0 61,3 73,4 14,6 48,7 24,7 45,3 2,7 58,2 67,4 63,4 99,6 55,2 70,5 23,1 80,3 81,4 25,8 4,6 57,5 46,3 97,7 54,4 26,2 65,0 27,8 0,5 3,4 10,5 84,7 62,8 98,4 72,2 76,2 40,0 47,2 5,9 12,1 13,1 96,7 87,9 34,0 82,8 89,9 11,2 52,7 21,9 30,8 44,1 56,3 92,3 85,0 43,3 36,3 8,9 22,4 75,6 83,1 42,1 94,1 35,3 41,2 53,6 20,7 6,1 66,8 91,5 29,9 18,9 16,0 32,4 39,8 17,8 19,4 78,1 79,4 49,8 51,7 60,2 86,6 93,3 90,7 15,8 38,1 68,8 33,7 59,8 
41: 22,5 18,1 82,1 35,4 67,7 99,7 86,7 29,1 14,2 15,1 38,2 24,3 27,0 5,4 19,6 76,4 54,0 58,1 61,6 32,6 93,5 66,6 0,5 10,1 16,4 98,2 53,0 55,8 50,1 2,5 65,5 84,7 52,7 75,3 17,1 33,7 39,5 79,8 83,2 90,8 31,3 44,9 97,6 13,1 36,5 69,7 95,7 25,9 47,4 73,6 45,2 11,3 8,9 41,4 48,1 28,5 37,4 40,8 64,9 78,5 91,7 85,3 20,4 59,1 63,5 71,8 57,4 60,2 88,3 12,4 77,4 3,0 4,4 62,1 49,5 74,4 43,9 9,1 68,8 46,3 1,2 34,1 94,9 70,3 23,9 7,2 21,1 80,4 42,8 51,0 56,4 96,1 26,1 72,3 87,6 89,5 81,5 30,2 6,3 92,8 
42: 14,9 24,7 61,5 73,4 30,0 26,5 4,9 71,8 62,4 65,6 38,9 1,1 25,6 93,7 51,4 16,4 58,9 19,9 44,9 85,7 68,1 23,2 42,6 76,0 7,5 98,7 33,1 32,0 6,2 92,1 12,5 11,2 54,8 20,9 36,6 75,3 37,2 69,3 35,6 80,9 82,4 91,2 46,6 94,7 48,3 55,8 64,3 40,2 89,2 49,6 56,5 66,2 9,0 39,7 99,5 17,5 83,3 10,3 34,3 5,0 18,4 74,2 88,6 63,8 67,6 87,6 72,9 43,9 96,1 0,5 95,7 21,7 29,4 78,5 59,4 45,3 97,4 57,3 13,8 47,4 31,6 86,1 52,3 81,2 41,0 22,0 50,3 70,1 79,5 90,3 53,3 28,4 3,8 2,2 77,7 60,0 8,4 15,1 27,2 84,8 
43: 23,0 92,4 97,4 58,6 35,3 89,9 25,0 20,2 67,2 18,2 61,5 81,3 24,2 73,4 6,2 93,2 34,7 38,7 62,8 27,8 72,2 17,0 47,5 39,7 87,1 26,9 52,9 94,3 82,9 16,3 10,8 86,2 56,2 74,0 98,2 29,2 95,2 91,9 71,8 80,8 85,4 21,6 43,8 42,7 3,3 64,5 77,6 66,2 8,1 75,8 1,7 54,5 76,3 79,5 51,1 49,7 65,2 45,4 50,1 59,1 37,4 63,7 69,6 68,6 88,7 53,2 84,0 33,4 11,8 57,4 9,5 44,9 12,2 70,7 78,4 2,0 32,8 31,5 30,0 90,8 15,7 60,2 96,3 14,0 19,2 46,9 7,9 40,4 22,2 4,2 55,5 41,9 0,9 28,6 5,6 36,9 48,9 13,5 83,7 99,6 
44: 3,8 20,7 44,1 78,0 98,4 40,7 49,7 75,0 60,9 39,5 66,2 34,3 4,1 47,0 14,9 84,6 45,4 5,6 32,1 13,9 79,4 69,1 37,0 73,1 24,5 41,5 92,9 55,6 31,2 57,2 29,7 94,7 36,4 65,7 67,4 85,6 1,7 86,8 9,5 87,6 70,7 43,3 83,2 35,9 54,2 6,0 82,2 50,0 51,6 77,8 91,0 59,4 11,4 8,0 10,8 96,8 28,5 23,2 99,7 93,1 17,2 80,0 38,3 0,7 27,1 26,1 33,8 2,5 89,7 21,3 74,2 95,8 81,1 76,7 30,7 71,2 90,0 16,0 46,1 52,8 53,2 25,5 68,3 7,4 19,5 48,1 63,8 64,1 42,0 58,0 97,8 15,1 61,0 88,0 18,5 62,3 72,1 12,0 22,7 56,1 
45: 22,6 80,8 25,4 9,7 20,5 13,0 77,6 31,2 44,8 56,9 98,4 69,4 81,9 12,1 83,9 18,6 64,0 1,6 43,3 17,7 74,0 79,8 7,1 65,2 54,1 46,2 16,9 48,5 37,1 53,5 84,8 41,1 70,3 26,9 93,4 30,3 89,5 15,1 36,5 91,9 42,1 67,8 28,4 2,8 35,2 23,1 14,7 29,7 96,0 27,0 99,5 3,8 19,5 32,5 50,7 94,3 57,8 92,9 51,3 4,0 45,6 60,6 95,6 39,8 75,6 0,8 97,9 21,1 82,8 40,5 55,9 10,7 8,0 71,2 68,5 49,4 66,4 87,7 34,0 52,9 5,2 58,5 88,0 78,3 73,0 33,2 76,5 62,6 47,9 11,5 38,8 72,2 6,7 61,0 85,2 63,4 90,9 86,0 24,0 59,4 
46: 64,8 52,1 47,2 10,7 49,2 66,0 15,8 21,9 33,3 19,3 59,4 83,5 2,6 3,7 6,7 22,7 51,8 68,6 74,7 80,4 90,7 99,1 53,5 16,5 44,4 32,4 23,1 36,4 95,5 86,5 45,1 14,8 37,6 5,2 77,4 78,5 75,8 41,7 92,5 55,0 26,3 58,7 79,4 30,4 82,8 87,7 35,5 63,7 39,6 12,9 73,5 67,4 50,2 13,6 72,8 56,9 48,0 85,9 20,9 40,3 34,9 71,2 0,5 25,8 70,1 28,2 76,5 24,4 27,6 93,6 94,2 43,3 31,4 1,5 61,7 46,4 69,2 84,3 96,3 89,1 54,0 60,7 98,7 65,0 4,8 29,7 7,4 57,9 81,5 8,2 97,3 17,0 88,5 38,9 42,3 91,0 11,5 62,5 9,2 18,4 
47: 19,4 14,1 90,9 7,2 82,3 33,8 96,7 88,7 48,3 10,3 3,0 28,4 22,6 32,2 86,0 2,9 45,1 85,6 42,7 76,9 6,5 81,7 80,0 61,0 34,0 21,8 9,8 64,1 36,1 50,0 60,4 57,3 66,0 89,5 39,8 92,6 11,1 79,7 72,7 54,5 97,9 18,3 83,1 17,8 75,6 23,0 63,7 13,9 0,9 58,9 46,4 84,9 4,7 68,5 98,3 38,4 94,1 43,1 27,4 31,2 52,0 71,9 30,9 70,8 78,6 24,6 16,6 29,0 55,6 53,1 69,7 74,8 20,3 26,8 8,4 87,5 37,2 49,1 93,8 12,7 25,8 41,8 44,6 47,5 56,2 73,7 59,5 77,7 91,1 15,5 40,2 67,7 99,6 95,8 62,3 1,3 35,2 51,5 5,3 65,4 
48: 52,6 18,0 73,5 71,1 45,6 0,6 82,5 15,7 5,3 46,5 39,3 42,2 23,2 36,6 67,4 13,7 41,9 1,0 70,2 31,7 65,7 38,4 25,7 76,9 93,5 7,3 77,3 37,1 62,5 84,1 58,2 89,3 44,2 21,7 95,8 50,9 90,9 80,0 30,2 26,3 83,5 97,7 74,7 91,6 68,9 3,3 9,9 78,6 27,2 61,2 28,6 85,5 81,5 8,5 17,1 56,7 53,8 48,8 10,1 19,7 94,6 2,6 6,9 60,2 40,2 66,9 20,7 55,5 87,4 63,4 51,0 12,7 72,5 75,5 43,7 16,4 57,6 33,3 14,0 47,9 86,8 4,8 92,2 24,5 79,6 69,6 11,5 32,2 59,8 34,1 22,5 96,5 99,4 35,0 49,9 88,5 54,1 29,2 64,2 98,8 
49: 14,0 87,1 61,3 32,3 76,4 35,1 28,3 56,8 75,1 17,8 60,9 99,2 86,3 24,8 73,4 81,4 70,4 21,7 31,1 0,6 93,5 3,2 45,0 91,1 40,1 8,6 58,7 65,6 77,2 48,8 97,1 15,9 74,0 83,0 68,9 20,3 4,9 59,7 11,8 9,2 55,3 46,5 72,4 84,4 92,9 88,3 41,3 10,7 2,9 78,1 54,2 29,8 90,5 47,4 34,6 82,4 89,4 25,7 66,5 12,5 37,8 95,4 38,8 16,9 52,7 18,6 23,2 42,8 1,0 26,4 98,5 5,0 80,1 71,3 6,8 22,5 57,2 64,8 19,2 49,7 69,4 36,0 27,1 53,4 62,8 94,5 96,3 63,8 67,2 43,6 51,8 50,6 39,8 13,3 30,9 44,3 7,5 33,4 79,0 85,4 
50: 44,9 88,4 76,9 79,5 93,4 77,1 4,1 49,4 86,4 17,2 33,5 13,4 61,2 58,2 8,7 25,4 30,7 23,2 69,7 10,5 41,1 59,6 39,6 1,0 21,3 26,6 2,0 56,2 27,1 43,3 52,9 95,5 99,4 9,3 57,9 94,1 6,6 70,6 12,1 51,0 7,9 19,7 63,8 66,4 67,9 42,3 92,4 47,1 64,2 16,3 20,4 35,5 84,6 29,3 5,6 14,4 37,9 45,4 97,5 0,9 50,4 40,6 73,9 82,7 32,7 28,9 53,4 75,0 85,1 72,0 36,2 46,2 3,5 11,7 62,8 65,0 38,9 68,5 80,9 55,6 18,1 71,3 78,2 87,8 24,9 96,0 98,7 91,7 83,1 81,7 74,8 90,4 31,7 22,3 48,6 54,4 15,4 60,3 89,3 34,4 
51: 89,0 21,6 34,8 1,1 74,1 94,3 62,7 65,4 7,4 80,9 59,1 55,8 77,3 99,3 54,0 68,3 24,2 79,7 48,1 17,5 95,9 28,3 63,9 22,3 42,6 31,5 47,5 16,9 82,7 25,7 36,8 12,5 8,6 87,7 56,7 11,0 51,5 38,6 58,7 69,5 81,6 43,3 85,4 53,6 20,1 60,7 90,2 67,8 92,3 52,9 40,1 19,0 5,2 45,8 46,7 49,4 3,6 35,6 96,9 66,5 30,0 76,5 6,3 15,7 73,1 84,9 71,2 98,9 18,2 93,6 78,6 9,5 88,4 4,5 27,2 44,3 57,4 83,7 41,8 13,7 14,2 37,8 75,3 26,0 64,8 10,3 61,2 32,1 33,6 70,7 50,9 2,0 23,1 39,6 72,4 86,8 97,4 0,3 29,4 91,5 
52: 89,1 24,4 83,5 72,3 79,6 37,3 65,9 23,4 43,9 64,8 77,8 58,8 8,1 66,1 30,9 32,8 88,9 13,7 93,0 7,7 85,7 2,9 29,0 27,3 36,8 86,3 47,6 59,7 68,2 34,9 76,5 97,1 52,8 74,2 57,8 81,3 12,8 14,6 17,6 18,6 31,2 45,8 56,5 33,0 35,9 15,7 44,0 0,2 3,1 41,1 11,2 49,7 99,4 82,8 21,1 46,4 95,4 94,4 55,5 22,9 90,3 19,6 5,0 38,6 78,6 71,3 80,9 50,1 75,9 1,9 67,3 84,9 39,7 62,7 26,3 40,5 53,3 91,0 98,8 51,3 28,6 20,3 4,0 25,9 42,5 87,3 60,3 16,3 73,7 96,1 54,8 10,0 61,0 70,3 63,6 92,8 69,0 6,2 48,4 9,8 
53: 47,5 9,7 24,1 66,9 76,8 3,5 13,0 50,4 18,4 80,4 33,1 2,9 5,3 95,5 23,9 86,6 90,6 57,8 11,2 12,6 65,8 83,3 84,5 38,3 55,0 14,8 17,0 49,8 28,2 40,1 70,5 88,5 22,1 29,7 98,6 85,6 44,0 77,8 34,2 73,7 20,9 26,3 75,3 52,4 64,4 58,8 78,8 56,1 37,3 53,1 6,5 32,8 1,2 92,5 63,8 39,9 48,9 97,0 81,1 59,9 89,5 35,2 91,9 93,0 0,2 7,9 19,7 36,0 30,3 42,8 74,6 82,3 94,6 43,9 60,5 4,1 27,6 96,5 68,2 15,0 54,3 41,4 71,4 87,7 21,8 16,3 25,0 61,0 69,5 79,3 72,5 46,7 10,7 51,8 45,1 99,5 62,1 67,1 8,8 31,4 
54: 48,5 70,7 32,8 28,9 56,2 63,3 82,2 76,0 1,4 69,9 13,5 14,8 65,6 23,9 45,9 87,5 71,4 31,0 92,1 77,9 17,3 74,9 86,1 40,0 30,6 64,8 53,8 42,2 47,5 27,7 34,3 44,1 52,4 51,2 75,6 84,8 38,4 72,2 50,7 97,8 35,6 95,6 85,1 91,2 43,1 60,7 54,4 22,2 81,4 24,2 68,7 16,0 55,9 78,5 4,6 29,3 37,9 73,1 62,5 6,4 15,9 36,3 58,2 94,4 96,3 61,2 66,1 12,7 80,1 67,1 57,3 59,2 79,1 7,3 99,3 11,3 8,8 3,1 49,9 10,5 26,1 89,4 0,2 33,0 39,2 9,1 19,4 83,2 41,7 46,7 88,2 20,0 25,0 93,9 2,1 98,0 5,8 90,7 21,8 18,3 
55: 56,5 12,6 3,1 31,5 96,8 22,0 97,8 47,6 48,7 0,8 46,9 7,3 67,5 15,8 37,9 33,6 41,0 14,6 72,6 69,8 9,9 40,3 44,4 51,7 1,4 73,2 11,4 28,2 34,4 82,4 49,9 45,2 64,3 77,4 27,9 60,0 68,9 63,1 78,1 26,4 71,3 29,5 59,5 10,7 62,4 19,2 4,1 13,4 50,3 8,8 35,4 24,7 87,3 20,3 32,2 89,7 30,2 39,3 38,8 88,7 57,1 74,2 81,0 92,2 76,7 17,7 5,2 75,8 36,7 80,1 94,9 54,3 65,3 84,4 86,9 6,0 93,5 42,2 70,9 66,8 2,3 43,9 90,0 58,8 98,9 25,5 79,5 83,4 91,9 53,5 61,1 23,5 21,6 16,2 52,2 95,0 18,7 99,9 85,8 55,2 
56: 36,5 4,4 83,1 22,5 60,1 77,6 59,4 72,8 24,7 44,0 80,4 19,7 87,3 89,9 96,8 34,1 9,0 46,5 52,4 13,8 40,8 62,2 86,4 5,4 75,6 69,1 55,8 14,2 76,4 28,8 18,4 70,2 41,7 25,7 43,8 92,3 57,4 16,4 68,2 97,9 47,6 82,8 6,3 45,5 3,2 2,3 27,3 48,4 88,3 54,1 50,3 66,1 10,7 91,0 42,9 65,2 85,0 35,7 93,5 32,8 39,2 17,0 51,2 98,5 74,8 95,3 53,0 31,6 1,4 58,5 78,4 23,5 0,4 26,8 38,5 84,9 99,1 61,1 56,1 29,8 71,1 21,9 81,7 20,6 12,0 30,9 90,6 33,4 8,7 67,2 7,4 49,1 37,9 63,8 64,7 11,0 94,0 79,0 73,7 15,8 
57: 91,4 44,1 51,8 32,8 86,6 29,4 75,4 55,1 92,6 80,9 40,6 48,5 70,6 16,7 93,8 54,9 50,6 47,0 83,5 98,3 99,0 95,5 13,9 30,8 26,9 77,7 53,7 35,6 8,9 81,7 65,2 56,9 72,2 28,0 68,3 74,0 3,0 59,2 84,1 14,0 97,2 17,6 11,1 63,4 43,3 60,4 52,2 5,0 88,4 31,7 36,2 89,7 4,4 27,5 96,2 57,0 71,7 82,8 90,1 38,9 24,6 64,4 85,9 42,1 73,4 41,3 69,4 34,9 23,7 7,7 9,8 25,5 46,7 58,2 66,5 1,3 18,2 10,6 76,2 37,0 15,4 12,8 79,2 62,9 67,7 21,2 49,4 2,6 94,9 33,0 6,2 19,8 61,3 0,0 22,8 20,5 87,5 78,8 39,4 45,7 
58: 38,3 54,3 14,4 53,5 49,2 19,6 63,7 91,0 40,2 83,2 62,5 8,8 32,3 96,5 22,4 55,9 36,4 5,8 12,0 47,2 67,2 79,2 81,1 26,3 48,3 66,1 52,8 39,0 82,6 99,0 56,6 85,4 7,8 89,0 57,0 29,1 37,5 78,3 69,7 65,8 27,5 93,6 42,1 73,6 9,7 13,4 20,6 58,4 11,0 88,0 51,6 28,1 80,7 35,9 4,3 0,3 16,1 71,0 64,1 72,5 97,1 90,2 45,0 30,2 95,6 23,5 24,6 34,0 77,0 70,7 46,9 59,0 6,1 76,5 33,1 75,6 2,0 43,4 1,2 41,2 86,0 44,5 87,2 94,6 15,0 21,8 61,7 10,9 31,3 25,8 68,6 17,8 74,4 92,3 50,4 60,6 18,2 98,6 3,9 84,4 
59: 63,6 62,5 89,1 79,7 88,7 11,8 94,6 97,7 40,6 84,3 52,1 34,2 83,0 76,6 27,0 45,9 87,5 0,4 1,4 3,1 19,4 73,1 77,4 16,6 10,4 42,9 48,5 39,2 23,2 81,3 75,6 66,7 17,8 38,5 59,6 85,3 9,3 15,3 93,7 86,1 6,5 55,9 65,9 72,8 80,6 60,4 47,4 49,3 7,4 20,4 12,9 35,6 90,6 41,7 99,1 53,6 71,0 69,8 24,6 95,2 18,6 43,0 91,8 30,1 82,0 26,9 58,7 92,1 2,8 74,4 31,1 68,3 14,3 46,4 5,0 21,9 78,9 96,1 50,5 36,1 28,1 37,9 8,1 70,2 51,6 22,0 33,1 56,9 44,3 61,6 13,5 57,7 32,4 25,9 98,7 54,1 67,9 4,6 29,6 64,3 
60: 24,5 49,1 10,2 87,8 80,7 12,0 48,9 47,0 21,5 54,6 88,6 17,0 92,0 20,4 2,3 74,4 15,9 32,8 23,8 77,6 60,5 76,7 39,9 35,0 73,1 31,1 57,1 26,5 98,5 40,2 65,9 43,3 68,2 16,0 30,4 0,5 3,1 72,6 95,0 99,2 50,9 37,0 6,1 11,1 81,0 9,3 4,8 75,6 71,8 91,6 51,1 5,3 38,1 7,7 22,6 94,7 63,2 66,0 45,8 8,3 83,3 53,7 56,5 34,1 79,3 62,1 58,1 52,1 29,7 78,8 84,2 14,5 70,4 36,9 90,1 28,9 42,8 64,6 18,0 67,1 41,6 25,0 96,2 61,3 46,3 86,7 93,1 1,4 55,5 69,4 85,0 97,8 13,6 33,1 59,0 82,5 19,3 27,5 44,4 89,1 
61: 33,1 3,2 18,1 0,8 11,9 24,5 59,4 4,4 8,3 40,7 80,1 43,8 5,8 96,6 13,4 63,8 35,1 48,9 84,0 36,5 49,1 46,8 93,9 2,4 34,9 44,1 97,9 20,5 87,0 41,9 47,2 95,1 32,1 76,8 98,8 86,8 27,1 69,3 75,8 79,0 94,5 37,9 83,4 12,8 55,2 77,2 56,8 14,4 64,7 42,0 66,7 58,5 21,2 45,0 26,7 54,1 90,1 23,2 71,5 51,0 9,3 89,3 7,3 10,8 73,0 82,1 70,6 65,8 30,3 67,2 50,2 62,0 1,9 39,4 81,7 17,4 15,2 52,5 6,1 19,4 38,6 60,6 61,7 72,5 31,1 91,4 28,6 53,4 78,5 85,0 16,5 99,8 25,7 74,1 68,4 57,8 29,2 92,4 22,1 88,2 
62: 50,2 40,0 39,8 19,7 68,4 20,2 77,1 75,3 27,9 79,6 63,3 70,1 59,2 90,2 17,3 74,4 47,6 94,3 37,3 65,7 73,9 32,1 95,3 0,0 80,6 11,3 64,0 4,7 9,2 89,7 38,0 44,3 92,4 71,2 29,5 2,4 35,6 23,8 55,0 13,0 1,7 25,9 97,2 36,2 91,2 67,1 15,9 21,7 66,4 78,5 84,6 24,8 30,4 41,9 83,3 99,6 85,2 3,4 22,4 61,6 58,6 81,3 54,6 18,3 28,5 42,2 34,1 52,7 88,4 46,5 6,4 8,8 87,3 93,0 86,1 16,0 69,3 72,6 43,6 7,4 60,7 33,7 10,6 56,9 53,4 82,3 12,8 48,1 49,3 51,8 14,3 76,0 31,2 5,1 96,4 62,5 45,0 98,4 26,8 57,5 
63: 1,6 25,0 53,1 60,3 84,0 34,9 67,1 98,3 73,3 57,5 0,5 50,9 52,0 83,0 94,0 27,0 86,8 51,4 22,6 78,6 88,6 95,7 5,1 19,8 99,6 43,5 56,0 7,8 85,1 6,6 32,4 47,2 41,0 71,2 79,5 46,9 63,0 69,7 87,0 24,9 66,1 68,0 90,4 49,3 91,5 35,7 17,5 39,6 72,8 75,0 59,2 76,7 64,9 13,4 96,5 36,5 3,0 21,2 62,7 74,8 48,2 26,6 12,5 93,3 9,6 92,5 31,6 97,5 15,7 70,1 54,7 11,2 42,9 58,4 16,3 55,7 82,1 33,7 28,3 61,8 38,7 44,8 30,5 29,3 14,9 40,5 80,6 89,7 77,1 81,5 65,1 45,2 8,2 20,1 4,3 18,2 23,1 10,1 37,4 2,0 
64: 8,5 86,0 19,3 76,2 80,9 33,5 41,5 50,9 44,4 23,1 47,1 63,7 18,3 74,3 91,6 81,9 71,4 66,1 43,1 7,5 57,5 65,0 26,5 94,6 34,2 69,5 28,0 92,9 78,9 20,7 14,0 4,7 12,7 17,9 11,0 48,1 84,1 40,6 6,0 54,3 13,7 42,7 35,8 9,1 70,1 37,7 95,8 3,6 1,0 5,5 31,9 90,0 55,7 46,6 68,6 56,9 72,3 27,4 77,8 38,2 59,8 51,2 87,0 88,8 60,5 62,3 2,3 89,4 36,2 64,6 21,8 85,5 52,7 10,1 16,1 39,7 30,1 49,5 75,8 15,5 82,6 93,2 98,0 58,7 24,5 0,9 25,7 97,2 29,8 83,9 61,0 79,4 32,9 96,0 45,9 73,4 53,0 22,4 67,3 99,2 
65: 83,9 19,5 60,4 88,8 6,5 78,9 3,7 18,9 25,4 59,3 61,8 41,2 8,6 28,1 32,7 86,6 90,7 76,2 55,5 77,9 91,3 93,2 54,5 64,1 75,6 80,2 81,9 51,3 0,5 9,8 68,3 48,1 82,5 62,0 79,5 26,3 17,9 53,0 5,9 4,7 87,7 96,4 69,9 66,8 37,4 16,6 11,7 74,4 7,1 38,7 49,5 84,8 72,7 13,7 20,8 42,4 95,3 31,6 22,4 94,5 10,4 63,1 44,0 58,0 29,4 52,3 33,5 99,2 35,6 56,4 73,7 43,7 2,0 24,3 36,1 39,2 23,6 45,6 46,6 65,6 89,0 57,1 98,0 30,0 97,2 21,1 47,3 40,3 92,8 67,9 27,4 34,5 1,7 70,2 14,9 85,0 15,4 50,6 71,0 12,7 
66: 13,8 98,6 26,0 45,5 97,1 8,2 47,1 32,5 15,5 95,1 63,3 94,2 55,1 4,8 48,8 87,9 46,3 91,4 3,7 23,8 64,6 28,2 79,1 72,2 75,0 74,4 34,2 52,6 37,6 41,3 16,6 76,8 35,8 25,2 50,6 57,4 80,8 61,7 30,5 0,2 73,4 1,0 65,3 68,6 49,3 54,7 51,0 69,8 93,9 77,9 53,9 83,1 88,7 42,6 89,4 85,6 84,0 82,3 19,9 86,7 71,5 90,6 18,8 58,1 20,7 21,5 33,3 67,2 38,5 12,0 31,4 62,1 70,4 22,5 78,9 24,4 96,0 5,3 39,2 44,3 56,5 27,1 36,7 11,5 59,5 81,5 92,4 60,9 6,2 43,6 40,4 9,9 7,8 10,4 99,3 66,9 14,8 2,9 17,2 29,3 
67: 67,8 1,3 6,5 60,9 35,5 58,1 40,0 34,9 79,2 14,3 47,9 59,8 81,9 23,1 65,8 77,5 57,5 98,2 38,5 62,4 22,9 68,9 73,6 92,8 87,4 93,6 17,8 54,6 71,8 33,2 20,0 31,7 30,2 69,9 2,5 7,4 18,5 51,5 74,4 3,2 89,1 70,4 36,1 41,4 16,6 78,4 96,7 15,3 32,0 4,3 12,5 25,0 90,0 97,5 19,7 42,2 86,6 9,0 83,0 27,6 21,4 66,1 52,1 61,0 39,8 82,5 26,5 45,0 28,4 55,7 95,4 24,6 8,4 29,1 80,4 0,3 94,0 5,8 10,9 11,2 88,4 75,0 56,5 84,5 50,8 46,3 43,6 13,5 53,5 37,4 63,6 48,3 44,5 64,8 99,8 91,2 85,9 49,6 76,2 72,5 
68: 98,9 1,3 0,1 20,4 34,7 43,6 76,3 63,0 69,8 28,0 32,5 66,1 4,5 15,3 44,3 83,8 95,8 53,8 78,3 12,3 57,4 77,4 14,4 65,9 85,0 8,9 42,7 81,7 64,1 97,3 37,3 72,5 61,5 62,1 26,9 29,3 59,3 67,3 33,7 99,3 27,6 50,8 74,2 93,3 30,3 5,4 38,1 3,0 96,0 45,1 9,6 92,9 40,1 11,9 46,6 19,9 68,0 87,7 52,4 24,5 58,9 82,7 84,3 51,1 90,1 23,3 80,2 91,2 47,9 6,4 88,2 79,7 31,5 17,2 55,4 25,7 49,3 41,1 39,9 16,6 71,0 73,8 60,5 70,9 86,7 94,2 2,8 10,7 22,0 21,3 48,2 7,6 36,1 54,5 13,3 89,3 35,7 56,2 75,5 18,0 
69: 85,4 34,2 42,5 15,8 44,2 21,7 74,1 18,4 32,4 57,8 80,6 37,4 90,3 23,1 88,3 78,8 56,2 82,1 91,3 7,0 24,1 4,7 51,7 60,9 96,1 39,2 98,4 11,5 58,2 28,3 29,6 50,1 9,1 69,2 36,9 71,6 77,1 0,2 26,4 17,6 20,3 68,4 16,5 10,1 84,9 49,7 12,0 38,0 81,7 31,8 30,1 66,8 46,9 75,6 5,4 33,7 73,7 67,3 55,5 54,2 1,6 45,2 35,3 65,9 83,6 43,5 63,6 6,4 14,8 47,4 76,9 79,7 59,8 41,8 70,4 92,7 86,7 3,0 89,3 2,4 97,5 8,6 27,5 93,8 53,2 40,7 87,4 62,0 13,3 99,4 22,9 95,0 19,7 25,6 94,7 61,1 72,9 64,9 52,3 48,4 
70: 21,1 38,8 10,3 47,2 61,9 71,0 86,2 7,3 14,2 23,3 81,8 2,5 15,5 41,3 46,3 60,0 75,5 77,3 6,9 26,3 35,7 13,4 49,6 58,7 17,0 25,9 32,8 0,2 89,7 33,1 59,9 72,7 76,8 22,4 96,2 63,7 74,2 16,7 57,1 44,5 73,0 51,9 52,4 68,9 5,7 29,0 9,0 54,7 78,6 64,9 69,0 87,8 24,9 83,7 27,0 37,0 67,5 98,3 42,7 28,0 82,1 99,2 12,4 45,4 20,6 53,6 92,2 43,8 19,1 30,2 18,3 40,4 90,6 97,3 56,3 1,3 93,6 8,1 3,1 36,6 62,5 85,7 55,8 65,4 88,2 48,3 70,0 94,5 80,7 31,4 91,5 50,8 11,7 95,8 34,2 66,2 4,7 79,1 84,0 39,2 
71: 27,0 60,2 54,9 65,7 3,0 39,2 63,7 56,9 93,2 23,1 86,7 45,8 78,6 59,5 92,2 75,4 81,9 32,8 94,1 99,5 20,7 74,2 38,5 18,5 12,3 30,9 85,3 17,8 79,8 35,5 40,1 13,9 88,5 46,2 64,2 61,7 19,1 9,7 43,4 8,5 22,8 50,6 41,5 36,5 57,0 95,9 15,4 76,5 47,0 14,7 84,4 34,5 66,1 67,2 71,3 28,8 89,4 82,0 33,3 97,3 16,7 25,9 62,4 21,1 4,7 11,5 29,0 58,2 80,7 98,8 24,8 87,4 51,6 96,6 44,8 6,9 69,5 77,7 7,2 70,0 0,5 37,7 91,3 83,1 72,1 1,6 53,4 2,2 73,5 5,8 55,9 10,4 26,9 42,1 90,3 31,9 68,2 52,8 48,8 49,9 
72: 44,5 88,0 50,7 97,7 99,8 89,6 51,0 34,3 56,0 40,2 19,5 49,5 41,6 61,2 87,2 86,4 32,1 36,2 69,1 12,2 53,7 75,5 21,2 31,8 48,3 94,9 77,8 62,6 72,9 63,3 95,8 90,4 13,1 8,0 0,3 98,7 18,8 26,8 33,0 39,6 20,4 37,3 85,0 28,9 46,1 65,9 7,4 11,4 84,0 17,8 5,7 91,9 23,1 45,3 57,1 71,4 92,5 15,2 82,4 27,0 64,0 22,7 60,5 29,4 9,5 14,1 93,2 70,8 16,8 83,0 54,2 52,5 24,1 25,7 80,7 67,8 73,8 1,7 78,4 4,8 96,3 55,3 2,0 66,9 79,0 42,7 81,6 47,2 38,7 6,7 68,1 59,3 76,1 10,1 58,9 43,4 35,7 74,3 3,4 30,8 
73: 89,1 22,8 82,7 93,3 97,6 0,8 10,5 48,5 96,7 7,2 81,3 95,0 76,6 1,6 75,2 71,4 5,7 80,3 86,4 26,0 87,7 33,5 53,0 72,6 46,3 58,6 43,8 29,6 8,7 41,1 64,5 44,6 18,4 67,6 54,1 91,9 36,6 17,5 35,5 13,2 84,9 42,9 56,3 37,7 83,1 63,1 4,2 49,3 60,4 38,6 51,5 98,6 45,3 73,9 3,5 99,0 23,8 2,8 66,3 70,9 74,8 52,3 69,4 30,5 12,1 50,5 24,4 21,7 68,5 14,2 88,4 39,1 85,3 27,1 55,9 40,8 77,4 79,0 92,8 78,9 28,6 59,7 90,0 57,0 6,2 34,2 47,9 25,9 15,7 20,9 32,1 65,2 19,9 11,5 62,8 9,7 16,4 31,0 61,1 94,4 
74: 7,7 15,2 6,9 89,0 2,9 31,5 23,1 91,0 28,9 3,7 24,0 56,9 59,2 38,3 77,4 46,6 81,2 9,9 45,3 75,3 79,2 14,2 17,5 61,4 47,4 50,6 73,1 16,2 83,4 37,4 93,3 72,0 8,5 66,2 94,5 10,5 70,9 22,6 76,6 64,7 71,0 13,5 57,0 54,6 29,4 92,8 43,4 58,2 30,7 96,0 18,4 95,6 40,0 86,8 97,4 60,5 44,4 65,6 49,9 12,0 11,9 67,8 33,3 84,6 51,9 20,9 63,6 27,2 41,0 85,6 53,0 32,4 39,1 82,5 34,7 35,3 0,8 19,4 80,9 98,0 69,9 90,7 26,0 62,9 52,7 99,7 5,3 42,7 36,3 25,3 21,9 88,3 48,0 78,6 1,3 55,5 74,4 4,9 68,7 87,3 
75: 4,9 49,2 95,3 59,9 77,9 86,9 70,7 10,9 55,8 56,1 62,8 66,7 79,7 39,7 22,2 20,2 94,4 32,4 69,3 8,7 34,7 18,7 19,7 67,1 35,2 27,1 57,2 24,6 13,5 81,5 7,3 11,8 41,3 72,3 25,8 96,5 5,3 37,1 31,0 92,6 97,2 0,5 53,7 98,9 15,5 58,6 68,7 91,8 54,6 84,2 93,1 45,8 36,5 42,1 61,5 63,5 1,1 88,0 2,7 17,3 87,3 16,8 33,3 50,3 6,8 73,7 29,0 75,9 78,3 71,7 21,4 44,6 80,4 48,8 47,1 38,3 23,8 12,0 85,3 89,8 26,6 52,5 64,6 74,5 30,3 9,2 65,0 3,4 46,4 14,9 99,3 82,3 60,5 40,4 28,8 43,6 90,4 76,1 83,1 51,1 
76: 40,1 84,6 7,4 32,3 26,7 54,6 64,5 59,0 5,0 34,1 49,4 82,8 53,0 66,8 88,4 0,9 61,7 63,2 14,9 80,2 71,5 10,8 27,4 31,1 94,9 79,9 78,2 52,5 45,9 74,0 58,0 95,4 42,6 77,7 92,1 39,9 9,2 60,5 33,5 57,7 28,0 16,0 69,8 38,0 50,7 18,5 29,0 35,1 89,9 13,6 55,7 25,4 20,2 98,5 19,5 41,1 23,3 36,2 86,0 30,1 47,1 17,8 97,2 73,8 65,1 90,0 12,0 96,2 15,5 48,1 6,4 11,0 70,5 99,2 43,5 72,4 44,7 68,5 56,9 46,6 8,8 93,3 24,3 85,3 81,4 2,7 37,4 62,8 87,0 83,1 3,5 76,1 1,1 75,0 21,4 67,5 91,9 4,4 22,0 51,6 
77: 82,6 55,4 22,2 59,4 81,5 78,0 66,5 80,5 98,4 31,0 15,1 32,2 8,3 23,4 61,8 45,1 76,0 27,8 10,6 42,1 75,7 64,7 40,7 65,1 3,9 21,5 20,2 67,0 70,2 33,0 13,6 41,2 35,2 74,1 90,4 12,0 9,5 89,4 91,5 37,3 63,5 72,5 24,5 58,1 57,5 83,1 7,0 69,6 84,9 88,6 36,2 29,3 11,5 28,2 16,8 44,9 95,6 87,4 1,1 6,2 56,3 93,2 73,1 2,5 71,0 79,5 97,5 43,6 53,9 30,4 39,8 5,0 38,4 19,6 0,3 52,1 25,3 62,6 50,9 48,6 60,9 17,7 4,1 49,3 26,3 86,6 77,3 51,5 47,1 92,4 94,4 68,4 54,2 14,0 46,7 96,2 99,9 85,1 18,7 34,3 
78: 0,7 22,9 27,8 32,4 68,6 96,5 35,2 4,0 63,3 11,0 82,0 24,1 74,3 41,8 49,6 94,4 7,5 33,4 77,1 12,5 57,3 83,4 14,2 52,2 59,2 31,7 87,3 10,6 55,0 19,5 58,1 23,3 36,0 38,3 40,1 84,4 34,5 20,2 47,2 81,5 13,9 76,1 15,5 45,1 98,9 79,4 37,4 62,0 28,5 3,0 21,3 54,9 17,1 2,3 66,7 70,6 18,6 73,0 26,1 39,8 89,9 46,2 85,7 16,7 8,5 60,3 30,5 44,4 80,4 93,3 99,1 91,1 42,2 65,2 78,6 86,7 1,0 88,0 61,1 5,6 75,7 67,4 97,5 69,7 71,2 64,6 95,8 92,9 56,3 51,8 29,9 53,9 90,2 6,0 25,2 43,5 50,7 9,5 72,2 48,5 
79: 29,8 85,5 45,9 48,7 99,3 20,1 77,1 81,2 0,8 12,3 49,4 89,8 92,6 91,9 46,7 96,6 75,1 37,0 72,9 74,2 25,7 86,1 73,5 34,6 39,7 68,5 55,3 11,4 84,2 93,6 69,3 52,9 17,9 22,5 19,3 24,7 51,3 94,8 61,6 15,9 56,8 32,1 43,9 57,3 87,6 26,7 36,4 59,8 4,7 30,9 27,2 66,4 8,1 23,3 2,8 67,8 5,9 18,6 31,5 21,7 3,0 35,8 78,7 28,1 44,4 71,0 90,2 6,0 95,6 33,6 9,0 38,2 97,8 16,0 47,4 65,5 13,7 88,9 50,3 42,7 80,3 40,5 64,4 54,3 58,9 70,4 76,1 63,9 60,4 10,2 14,9 79,4 82,1 53,9 1,4 83,9 7,3 62,8 98,6 41,2 
80: 17,1 41,4 74,4 61,1 86,9 49,7 82,1 40,1 68,9 98,8 6,5 77,1 79,4 31,4 90,7 48,8 66,1 83,2 39,9 88,8 10,5 4,2 23,4 78,3 42,2 70,6 8,9 47,4 46,5 35,3 45,1 95,9 37,3 21,3 1,1 19,7 84,4 0,0 20,6 65,8 63,9 28,4 24,7 44,7 57,6 91,5 87,0 55,9 9,0 15,2 29,6 97,2 38,2 2,5 36,8 32,2 85,0 16,7 3,3 71,7 34,4 11,2 81,2 99,2 33,6 25,1 93,9 58,9 80,7 51,2 75,1 60,3 62,2 64,1 13,2 50,6 59,5 30,6 73,2 52,1 22,0 27,1 56,0 69,0 43,3 92,1 14,5 67,6 26,5 5,7 18,2 96,6 7,4 94,5 72,5 89,1 54,0 12,6 76,8 53,6 
81: 43,4 86,7 42,6 66,9 12,9 0,3 91,3 67,2 77,6 80,8 70,8 38,0 26,1 53,2 90,0 29,6 94,1 52,4 51,1 44,0 34,8 13,2 36,1 40,8 1,0 28,1 32,8 19,9 11,8 17,6 25,9 18,2 45,0 82,4 15,5 63,5 10,6 57,0 59,3 65,3 21,8 4,9 98,9 93,5 76,0 61,8 2,1 33,1 81,4 89,2 74,1 48,9 79,7 35,7 50,3 56,3 20,0 62,6 60,8 71,0 49,4 47,2 64,5 5,6 72,1 3,3 6,5 41,6 37,9 75,5 54,9 55,1 68,3 95,0 22,7 46,3 87,6 31,6 14,8 7,5 58,5 88,7 69,1 39,8 92,1 99,0 73,5 85,8 83,0 30,1 84,2 23,0 9,1 16,6 27,1 78,6 8,3 97,6 24,3 96,9 
82: 19,9 96,2 46,2 58,3 26,5 22,2 72,5 14,5 47,6 5,7 35,2 44,4 60,8 82,5 20,1 83,2 90,5 9,5 29,3 21,0 94,6 15,3 13,3 30,0 67,2 53,0 78,4 59,2 27,1 36,8 65,0 24,4 0,4 18,9 38,2 69,9 97,5 33,7 34,8 11,2 79,3 25,5 16,5 37,7 28,4 80,9 3,9 56,9 71,2 54,6 57,7 73,9 8,6 51,4 81,4 41,2 66,4 95,8 6,3 32,5 1,0 77,4 61,5 64,7 63,0 2,7 99,6 17,2 39,7 45,1 55,5 89,8 10,5 87,0 23,9 52,9 92,1 68,9 84,8 12,2 49,7 48,3 74,8 31,7 86,1 98,7 76,2 40,2 43,2 42,1 88,3 91,8 75,0 50,3 4,1 7,1 85,8 62,3 70,3 93,6 
83: 63,9 10,2 18,8 48,2 86,3 82,3 17,0 23,7 22,8 69,8 2,7 85,4 55,4 24,9 26,9 53,4 60,0 40,3 71,5 4,0 19,8 52,1 3,4 37,2 61,8 51,2 25,6 88,8 50,5 57,0 15,3 94,0 72,4 30,6 98,5 28,6 49,0 41,3 9,1 6,8 11,3 65,0 29,5 78,7 16,1 84,9 67,5 70,0 76,2 58,2 56,5 75,8 89,1 68,3 36,7 74,3 54,5 79,9 97,1 34,5 38,1 27,7 77,7 90,4 59,2 64,9 1,7 99,2 31,6 73,8 92,6 45,6 35,6 81,9 12,9 32,6 7,1 66,4 5,0 43,8 20,8 93,2 21,4 46,6 96,5 44,5 33,6 62,4 83,0 13,9 8,5 42,0 80,1 95,3 39,2 0,6 47,0 14,1 87,8 91,2 
84: 63,5 3,4 94,3 29,5 42,3 50,5 39,1 26,2 51,1 89,4 25,0 41,5 60,6 81,1 33,8 43,1 7,7 90,7 74,3 27,7 92,0 20,9 45,4 8,8 78,5 46,3 64,5 87,1 47,4 58,9 91,3 97,8 17,3 44,2 56,4 6,4 37,7 49,1 73,3 14,1 35,4 77,1 83,7 5,0 57,5 61,7 84,4 30,6 18,3 80,6 66,6 79,5 82,6 86,1 71,8 13,3 68,8 95,2 4,2 62,4 75,0 65,0 22,7 85,7 12,5 21,6 16,9 99,6 34,7 24,7 98,4 70,7 2,7 52,5 31,4 19,6 9,3 11,7 67,5 54,1 36,9 48,3 1,0 40,8 93,7 0,4 10,1 15,7 28,2 72,2 38,0 55,5 59,5 96,8 53,7 76,4 23,0 32,8 69,9 88,4 
85: 76,4 10,5 36,0 80,0 53,6 20,5 89,0 3,7 56,8 16,0 32,2 42,6 54,5 67,6 22,7 9,8 60,6 0,4 21,9 44,3 63,8 75,8 37,4 71,6 92,6 61,1 2,1 30,5 6,9 7,7 35,7 72,4 40,0 84,0 5,8 69,0 78,3 86,1 8,4 90,1 12,0 4,8 74,3 27,0 98,0 73,1 62,9 15,6 79,3 55,2 41,2 93,4 38,8 48,7 58,3 97,2 11,9 46,1 17,0 19,2 94,5 95,9 77,1 51,2 14,9 70,6 91,2 81,8 39,0 85,5 50,5 64,2 66,0 88,4 23,8 47,1 25,0 31,4 99,6 59,2 65,8 18,4 43,4 45,8 57,2 68,3 96,0 49,1 52,4 34,2 13,2 28,3 1,2 87,3 82,0 24,5 29,5 83,1 26,2 33,5 
86: 78,5 62,2 31,4 95,8 15,7 3,6 6,9 48,5 69,8 47,8 30,0 24,2 58,9 66,4 51,2 38,6 45,2 79,1 57,4 13,7 39,5 64,9 92,8 67,8 52,8 96,4 84,2 74,0 9,4 87,0 10,4 27,5 99,9 53,5 83,6 82,2 8,3 88,9 61,4 2,6 60,3 14,0 72,8 42,6 91,5 18,3 90,2 55,2 11,5 22,5 12,4 80,6 16,7 85,1 37,5 73,6 97,3 26,7 36,5 86,4 29,6 65,4 32,8 75,5 98,6 20,8 44,1 35,0 43,2 23,6 63,9 46,2 41,2 71,7 5,5 68,0 89,5 77,9 93,5 21,4 70,9 49,3 17,2 7,4 76,3 25,3 0,1 19,8 81,6 54,4 33,5 94,1 4,2 50,1 28,8 56,3 59,8 40,1 34,1 1,8 
87: 34,4 17,3 85,0 49,5 59,6 57,3 24,0 42,3 16,9 3,5 7,0 67,1 86,8 22,6 88,4 47,0 28,9 72,3 63,7 74,3 90,4 5,9 70,8 87,0 80,1 96,0 62,0 23,6 65,5 56,0 0,3 1,6 13,5 54,6 64,3 91,6 76,9 92,6 66,0 41,7 31,5 51,0 68,3 9,0 98,7 71,3 53,9 14,3 19,8 83,9 48,4 55,3 39,8 8,6 12,2 40,4 4,9 26,8 37,3 21,0 35,3 78,9 11,3 36,2 45,0 61,3 81,7 93,0 75,7 79,0 18,0 29,8 27,1 44,3 50,5 95,7 15,1 52,8 20,8 33,6 60,1 77,7 73,2 69,4 38,7 46,8 89,8 2,7 10,1 99,7 94,8 30,8 32,7 6,8 43,1 58,6 82,0 84,6 25,9 97,5 
88: 67,2 71,9 22,1 56,6 54,4 63,0 84,1 37,6 83,7 68,3 32,5 51,8 48,4 62,7 90,0 81,2 49,4 69,9 40,9 43,5 29,3 96,8 39,9 0,5 11,8 86,6 13,2 27,2 50,1 77,9 25,2 60,6 2,3 74,7 55,0 41,6 1,0 8,1 36,0 76,4 10,7 3,0 26,7 45,3 4,4 57,6 46,8 21,2 93,7 52,3 58,1 61,2 59,5 73,2 20,1 23,4 99,0 64,3 31,8 34,0 91,9 70,0 12,1 47,9 19,0 35,8 65,1 80,0 9,2 16,3 95,4 7,8 44,5 15,4 87,5 28,0 24,4 89,3 94,3 5,0 18,9 82,1 42,6 78,0 92,4 6,2 97,1 30,5 72,6 88,8 79,9 14,0 38,9 53,6 85,1 98,9 75,5 17,5 33,6 66,3 
89: 37,3 0,8 47,1 84,2 41,8 32,0 50,4 55,9 40,8 21,4 62,4 29,1 5,7 91,5 22,0 77,0 52,3 80,1 7,8 31,6 48,9 51,9 85,4 95,8 10,8 15,1 98,6 11,4 82,1 49,1 57,1 16,5 24,0 83,6 76,7 44,3 30,0 54,1 38,0 2,2 87,0 8,2 71,4 74,9 96,3 63,3 64,7 88,0 70,0 27,8 67,8 81,6 60,2 66,7 39,2 23,7 78,9 26,7 45,5 35,2 92,2 3,9 94,2 68,3 69,9 42,9 56,4 59,4 9,7 12,1 36,1 99,2 53,9 33,1 61,4 72,9 58,4 13,7 17,9 19,2 6,7 86,1 18,5 28,2 20,4 75,2 93,7 97,4 46,6 4,6 90,6 1,5 65,5 14,3 89,3 79,4 43,5 34,6 73,4 25,4 
90: 75,8 24,2 17,9 25,7 22,7 34,2 18,9 32,4 63,2 61,6 79,4 31,5 0,8 62,4 58,4 91,1 9,2 57,2 53,1 76,2 29,7 14,6 48,2 26,3 51,6 11,0 92,0 5,9 66,8 67,7 59,2 88,1 7,5 90,7 83,6 15,5 16,3 19,9 42,5 99,5 84,6 21,9 69,4 81,6 2,0 55,9 64,3 33,3 70,1 6,4 96,2 56,5 37,9 82,6 40,0 80,3 73,5 87,0 71,7 46,1 95,5 12,4 45,0 8,3 20,9 74,4 44,3 52,9 93,5 43,6 39,9 77,7 86,2 60,3 65,0 30,6 47,2 35,3 4,7 78,1 85,7 1,7 72,1 10,5 28,9 94,1 3,4 68,8 38,2 27,7 36,4 13,3 41,7 98,4 23,7 89,5 50,0 49,4 97,2 54,1 
91: 2,0 94,7 41,8 26,1 83,7 28,7 14,2 91,2 68,9 9,3 0,4 8,5 20,1 31,9 27,8 81,0 11,8 34,5 60,7 85,2 65,6 23,5 58,0 53,5 15,1 45,6 87,6 75,8 18,1 92,3 25,1 90,6 71,4 64,7 32,2 4,7 16,1 35,4 86,2 56,9 80,0 93,1 7,2 12,0 70,7 44,6 47,1 67,7 79,4 59,9 89,3 22,6 13,9 37,7 5,0 30,1 97,1 38,7 17,7 43,6 33,1 98,8 10,6 78,5 50,0 36,6 63,1 69,5 48,8 54,5 82,7 74,8 76,3 3,5 46,1 51,4 73,2 1,1 62,1 61,2 57,6 95,6 40,2 39,3 49,2 55,5 6,1 19,5 24,5 42,6 52,7 99,5 72,6 77,8 21,4 66,8 84,6 96,5 29,7 88,0 
92: 62,9 90,6 69,6 46,2 60,7 11,5 2,7 4,1 80,3 99,1 42,9 98,4 83,2 92,4 10,9 82,8 18,9 51,8 74,1 72,4 66,8 44,9 67,9 16,6 26,4 30,3 87,6 21,9 15,9 7,8 43,1 94,1 14,5 1,1 97,8 61,4 45,2 53,8 3,4 20,8 31,0 52,8 73,5 57,1 85,2 12,6 34,5 77,9 33,4 19,2 70,4 95,9 91,0 63,7 28,8 68,0 9,8 89,9 25,6 29,4 55,5 0,9 13,2 36,2 58,7 81,7 54,4 40,0 41,8 48,0 75,6 32,9 49,6 39,5 65,7 93,2 64,1 76,7 50,8 24,1 78,3 84,6 35,9 96,6 8,8 47,0 23,8 22,9 37,7 27,4 79,2 6,7 17,5 88,4 5,4 86,0 59,5 56,3 38,7 71,2 
93: 67,3 73,0 58,7 66,1 68,5 6,4 69,5 30,2 24,2 13,2 75,1 48,1 65,4 55,5 54,7 46,7 86,6 59,1 71,2 18,1 63,7 91,4 98,0 56,0 79,9 94,7 21,6 9,6 57,8 72,3 88,7 39,9 41,5 99,1 77,9 16,0 26,2 33,7 53,3 25,1 62,3 96,3 81,4 34,6 36,3 97,2 5,3 90,1 8,3 40,9 93,5 76,3 23,3 35,5 4,9 10,5 80,4 60,8 70,1 84,4 42,7 78,6 44,2 27,1 50,2 49,4 74,9 64,4 61,4 43,7 14,2 95,2 31,3 45,0 11,5 47,3 82,8 85,3 92,8 87,5 89,0 51,1 29,3 37,5 22,3 15,0 38,3 28,4 1,8 0,6 3,7 52,5 83,2 7,6 12,4 17,3 19,3 2,0 32,8 20,4 
94: 78,3 3,5 39,9 99,6 97,4 57,8 23,7 73,0 0,8 52,3 59,1 17,0 96,5 8,1 18,6 67,5 33,3 14,8 29,4 89,6 51,4 49,7 53,5 21,8 48,0 45,0 84,7 36,1 54,2 30,8 62,0 13,0 43,2 34,0 87,7 86,6 63,5 55,7 16,6 82,9 66,0 20,5 2,5 9,0 90,5 10,6 95,4 38,2 42,1 70,5 35,1 91,0 85,1 46,1 80,8 12,2 64,9 50,8 93,4 22,2 41,1 69,4 44,3 79,3 47,0 92,7 24,5 31,4 60,5 37,8 6,1 5,1 56,4 7,3 74,5 19,1 27,4 83,8 98,7 77,1 58,2 28,4 26,2 88,1 11,1 75,6 1,4 65,6 15,9 32,3 71,2 4,5 81,3 25,9 76,3 40,7 72,2 94,0 68,0 61,4 
95: 82,1 20,7 23,3 25,5 17,6 92,2 86,9 44,9 60,0 75,1 9,2 59,9 0,8 21,1 89,1 50,8 99,1 76,8 5,8 61,8 4,5 65,2 66,6 15,6 33,4 29,4 84,9 19,7 16,0 46,4 80,0 91,8 67,8 10,2 62,2 42,1 90,5 69,1 28,9 30,6 71,3 3,9 37,4 93,6 85,5 11,3 87,4 56,4 81,9 1,3 83,8 57,6 64,1 14,3 35,8 53,9 49,9 13,7 98,9 70,0 96,4 79,6 78,0 31,7 94,0 52,6 40,6 6,4 2,4 95,5 7,3 8,9 34,1 68,5 12,5 41,2 73,4 22,9 54,8 63,0 88,9 27,0 55,3 58,2 77,4 97,7 38,4 45,0 18,9 36,7 39,7 72,6 51,4 48,5 24,0 74,4 47,8 32,1 26,3 43,8 
96: 69,8 54,3 93,3 23,3 77,1 63,9 11,0 65,5 68,9 72,3 36,0 5,8 7,6 19,0 29,7 50,4 88,5 31,4 90,1 70,1 84,1 76,3 58,4 18,4 3,2 1,0 42,7 74,1 30,2 35,0 59,1 64,7 2,2 45,5 91,1 41,3 48,6 96,3 95,0 10,0 27,5 40,6 56,9 82,8 53,7 85,4 8,7 47,1 25,9 57,5 4,1 55,9 51,8 49,8 94,1 86,5 46,1 20,9 92,3 22,6 62,4 13,1 99,4 89,8 0,8 21,6 80,2 38,8 78,3 26,7 15,1 81,2 79,8 34,1 16,6 60,1 87,0 32,7 43,8 33,7 83,5 37,1 98,4 17,6 52,6 73,7 61,7 67,3 97,6 14,9 28,7 44,0 71,9 9,1 39,5 24,0 66,6 12,3 6,6 75,3 
97: 85,4 99,0 37,6 50,1 66,6 5,1 62,6 48,1 20,7 75,3 7,9 35,6 29,3 44,3 72,2 38,3 1,7 4,1 95,6 86,7 53,9 80,3 63,7 0,3 89,0 32,4 88,7 74,1 61,7 84,7 52,9 13,7 39,1 79,8 12,3 94,0 69,8 60,3 57,8 97,2 34,4 49,4 10,2 78,8 71,7 36,2 41,4 64,1 87,6 14,7 24,9 43,8 77,7 92,4 23,2 17,2 22,2 46,2 96,3 40,5 30,3 76,5 9,2 68,8 2,2 51,4 18,0 70,0 42,1 58,4 93,6 82,9 27,9 65,8 56,5 25,9 15,2 83,9 54,5 31,5 8,8 3,8 91,4 59,9 45,8 21,7 26,5 33,9 90,0 11,5 73,0 28,4 55,1 67,9 16,8 81,1 6,5 47,5 19,7 98,0 
98: 11,4 53,2 83,6 16,6 21,0 39,9 77,7 97,2 63,2 79,5 17,1 3,7 8,5 40,2 87,0 68,4 70,9 95,3 37,0 5,1 66,4 20,0 86,0 62,8 32,7 71,3 84,1 1,5 43,5 49,2 29,2 22,6 44,3 12,2 50,0 9,8 15,9 45,0 74,5 7,7 72,7 80,4 90,7 28,5 51,0 0,3 27,0 54,5 10,9 36,9 42,1 6,2 75,8 25,8 24,5 58,1 30,6 14,9 81,9 88,5 91,0 35,2 78,0 34,5 61,6 41,6 64,2 26,0 65,0 73,1 60,1 19,6 76,9 46,8 4,0 59,4 57,6 85,4 89,9 18,7 94,8 2,4 93,2 38,3 52,0 96,8 98,1 69,6 99,9 23,1 67,9 13,9 47,4 48,0 55,9 92,5 82,6 33,3 31,4 56,7 
99: 16,5 46,2 7,9 99,9 31,4 51,6 92,7 20,7 52,0 35,9 40,3 66,4 74,8 11,4 19,5 86,0 8,0 84,3 48,3 95,0 75,7 80,1 53,0 37,1 82,7 87,0 59,1 43,0 73,2 96,1 4,4 57,0 10,9 39,5 69,4 23,0 29,1 76,6 49,2 1,5 32,3 44,1 65,1 33,5 24,1 67,2 28,0 18,0 45,1 0,2 36,7 38,2 85,1 25,9 21,7 55,4 61,2 62,2 93,0 60,4 26,1 14,5 83,1 9,5 54,8 77,1 3,5 50,8 97,2 89,0 71,5 94,2 68,4 63,2 81,6 13,1 88,0 2,9 41,8 34,2 15,3 30,0 70,3 27,4 17,7 78,0 6,4 91,1 64,1 58,1 22,0 42,2 47,4 90,1 79,5 12,3 56,0 72,6 98,5 5,3 

A shortest path in the maze
Path Length: 3
Path Cost: 0
Path: 0 72 88 99
real 0.21
user 0.38
sys 0.01
