A graph representing a maze
0: 0,29 5,21 6,45 8,23 7,2 3,33 2,3 9,45 4,29 1,45 
1: 2,4 4,47 7,22 1,40 9,4 0,42 6,10 8,48 3,26 5,5 
2: 1,27 5,4 8,21 9,13 4,26 7,1 3,4 2,46 6,42 0,35 
3: 6,38 2,32 7,32 9,10 1,21 4,41 5,32 0,13 3,16 8,25 
4: 1,7 2,27 7,40 9,47 8,6 3,19 6,2 0,34 4,10 5,23 
5: 1,49 2,30 8,5 0,30 6,38 7,29 3,47 4,1 5,2 9,16 
6: 4,49 6,16 0,8 5,13 1,45 7,21 8,28 2,30 3,39 9,13 
7: 4,22 9,23 5,40 7,43 2,26 0,29 1,28 6,48 8,13 3,19 
8: 7,42 1,38 3,5 8,17 5,33 9,23 0,6 4,32 2,29 6,29 
9: 6,22 5,41 0,7 2,4 4,23 1,16 7,38 8,43 3,37 9,35 

A shortest path in the maze
Path Length: 2
Path Cost: 16
Path: 0 2 9
real 0.06
user 0.07
sys 0.00
