A graph representing a maze
0: 0,29 5,21 6,45 8,23 7,2 3,33 2,3 9,45 4,29 1,45 
1: 2,4 4,47 7,22 1,40 9,4 0,42 6,10 8,48 3,26 5,5 
2: 1,27 5,4 8,21 9,13 4,26 7,1 3,4 2,46 6,42 0,35 
3: 6,38 2,32 7,32 9,10 1,21 4,41 5,32 0,13 3,16 8,25 
4: 1,7 6,2 7,40 0,34 8,6 9,47 
5: 7,29 9,47 0,41 
6: 2,12 3,2 9,6 0,14 1,37 7,18 8,15 4,38 5,48 6,36 
7: 7,34 
8: 4,13 8,28 
9: 2,33 4,17 3,12 5,30 8,42 6,14 9,16 0,14 1,13 7,11 

A shortest path in the maze
Path Length: 2
Path Cost: 16
Path: 0 2 9
real 0.05
user 0.07
sys 0.00
