0: 1,45 7,2 8,48 12,4 14,29 15,5 18,42 43,21 49,4 70,29 71,40 73,45 92,3 93,33 96,45 97,23
1: 22,13 26,42 27,25 35,23 47,9 54,17 55,20 60,11 63,21 76,7 92,48 96,15
2: 7,15 17,0 43,41 49,8 65,15 70,39 77,18 80,38
3: 90,16
4:
5:
6: 30,34 36,6 61,32 76,40 79,47 80,7 96,2
7: 27,29 60,41 69,47
8: 10,14 25,48 62,12
9: 6,49 8,28 15,2 36,38 52,47 68,30 84,49 87,29 88,16 94,13
10: 8,42 13,12 16,14 21,13 22,0 23,17 29,11 39,16 43,29 45,30 63,11 69,33 80,14
11:
12: 12,29 15,40 44,48 77,28 79,23
13: 82,17
14: 61,7 83,9 98,20
15: 53,33 55,41 59,29 80,5
16:
17: 3,13 5,30 45,7 47,29 79,44 85,31
18: 76,43
19: 4,17 35,32 60,10 98,21
20: 88,25
21: 31,37 74,7 76,44
22: 22,39 24,4 99,44
23:
24: 79,37
25: 16,46 23,21 28,40 32,23 45,42 59,0 74,15 85,9 94,14
26: 42,7 58,34
27: 18,28 19,13 43,36 60,5 62,38 77,40 85,38
28: 1,3 7,9 12,4 16,39 17,18 23,38 24,8 25,37 26,15 31,31 32,44 33,26 35,45 51,8 56,24 57,10 58,40 70,37 73,40 84,16 87,27 88,27 98,43
29:
30:
31:
32: 34,6 56,45
33: 72,16
34: 22,29
35: 32,2 55,37 89,44
36: 5,43 22,36 38,8 67,26 86,40 94,35 98,5 99,32
37: 4,10 18,20 44,49 66,36 97,3
38:
39:
40:
41:
42: 88,6
43: 6,41 12,36
44: 30,32 86,33 96,20
45: 9,49 40,31 50,8 52,9 95,49
46:
47: 38,11 66,43 88,25
48: 27,5 56,3 90,10
49: 57,44 67,45
50: 88,45 94,6
51: 0,30 17,13 35,44 43,36 53,38
52: 63,39
53: 22,39 26,28 56,45 59,41
54: 9,47
55: 48,25 60,27 91,12
56: 4,10 34,42 35,27 37,19 39,8 41,35 66,41 72,14 77,41 86,2 93,3
57: 26,36 29,49 36,44 50,2
58: 11,33 39,21 51,40 57,21 59,25 80,31
59:
60: 3,31 4,31 6,32 17,42 27,38 50,29 51,27 59,13 66,10 76,2 81,34 85,13
61: 7,28 34,18 50,47 65,4 89,0
62: 12,28 18,37 20,48 21,18 44,8 47,12 58,1 64,27 65,32 67,37 68,6 74,25 78,27 81,26 82,32 85,48 88,7 94,38 97,12
63: 32,13
64:
65: 5,11 15,25 18,27 41,43 44,44 69,26 96,14 98,33
66:
67: 16,39
68: 6,13 7,48 24,31 40,30 52,22 64,30
69: 43,28 91,42
70: 0,0 10,46 46,9 93,8
71: 14,36
72:
73: 17,45 25,0 30,22 80,39
74: 47,49
75:
76: 6,49 52,16 65,4
77: 7,18 12,3 14,34 18,22 19,32 27,11 28,27 30,23 36,38 46,4 54,29 57,29 59,24 60,1 66,15 71,24 72,24 73,5 82,39 92,16
78: 53,5 89,49
79: 79,36 89,1
80:
81:
82: 29,20 44,40 46,14 64,35 95,18
83:
84: 0,40 96,10 99,15
85: 9,38 12,23 23,18 24,22 31,37 34,42 36,6 37,35 50,19 51,45 56,16 62,39 87,3 88,46 89,21 90,0 94,28 98,31
86: 1,28 14,4 25,13 27,34 61,28 77,0 89,25
87: 10,19 13,49 14,29 17,48 32,6 43,29 47,44 79,45
88: 55,11
89:
90: 0,8 1,13 36,35 40,1 64,32 67,45 70,29 77,42
91: 5,2 6,10 36,32 45,13 53,29 76,8 82,48 85,48 89,47
92: 31,26 46,26
93: 0,45 10,24 25,2 57,20 60,41 88,23 98,32
94: 2,10 11,31 13,46 86,32 91,34
95: 4,29
96: 21,1 69,13
97: 12,24 13,14 14,38 33,38 34,39 35,29 40,20 89,27 92,36
98: 7,2 42,36 53,9
99:
