A graph representing a maze
0: 36,6 25,29 28,67 23,13 48,63 50,63 40,21 99,73 42,96 7,2 63,45 47,69 32,88 12,4 24,90 49,54 72,60 88,25 92,53 2,72 11,29 4,73 22,16 26,60 52,47 95,13 39,76 3,66 89,16 54,88 43,21 17,51 70,79 19,47 73,95 41,27 27,21 68,82 82,76 79,97 77,39 67,4 80,7 16,32 55,41 64,82 60,35 31,6 44,69 87,79 51,48 6,22 75,51 69,63 96,95 5,7 78,22 97,23 66,37 83,73 57,27 34,92 76,40 35,35 86,55 65,38 61,82 71,90 91,71 33,54 20,54 0,55 81,78 37,88 14,29 56,93 94,91 84,99 59,29 21,52 29,23 58,10 90,16 85,42 13,43 30,84 93,33 8,48 9,49 10,28 15,55 74,30 46,80 53,33 1,45 18,42 45,8 62,80 98,52 38,26 
1: 26,86 46,28 92,94 60,5 27,43 48,95 67,99 64,90 34,24 29,22 58,98 86,40 12,25 72,66 45,17 36,18 59,72 76,94 4,7 96,2 24,31 55,35 85,38 33,57 94,79 23,71 99,82 3,51 37,97 44,12 35,32 82,28 8,99 56,25 62,88 97,94 6,85 69,70 14,45 10,74 79,37 88,56 18,78 98,85 84,6 9,31 30,66 2,70 77,40 61,55 66,87 40,59 57,99 38,58 31,87 39,4 65,35 68,22 50,31 80,98 87,39 22,84 93,54 47,79 5,55 70,26 41,89 54,99 21,98 51,58 11,23 19,63 89,42 95,31 28,44 43,86 63,1 15,87 25,60 13,57 16,16 91,57 74,7 52,32 20,12 83,28 7,16 71,3 49,56 1,23 73,55 0,94 32,73 81,49 42,6 75,77 78,32 17,23 90,10 53,59 
2: 7,59 4,31 47,30 32,23 54,63 92,69 0,80 68,57 94,34 25,55 35,44 49,39 91,5 22,78 56,3 75,25 45,81 70,67 81,84 24,0 65,60 86,90 1,50 72,28 89,41 38,51 6,82 26,86 44,10 78,65 83,35 3,31 5,79 12,68 30,38 58,31 97,54 76,2 85,65 18,92 95,59 20,48 55,71 29,49 57,34 34,89 90,15 13,74 11,51 2,52 40,63 84,60 93,36 52,27 79,51 19,7 51,29 73,43 23,92 63,12 99,46 64,50 48,10 53,38 46,5 80,14 42,91 21,7 17,63 62,65 8,32 16,83 10,67 77,51 15,84 33,69 67,10 36,44 37,44 50,2 31,18 98,73 82,52 9,47 69,74 27,45 39,62 88,27 87,13 28,7 74,16 96,14 60,92 14,23 59,63 66,11 43,36 41,94 61,64 71,80 
3: 18,17 60,1 29,17 62,85 68,49 28,88 40,29 96,60 79,39 56,36 26,69 30,98 31,36 67,89 46,55 75,39 87,95 59,46 94,76 12,34 70,87 14,52 54,56 57,24 95,5 1,64 91,89 25,29 50,80 98,5 99,36 34,88 74,38 19,31 41,93 8,64 64,87 89,49 6,6 5,70 39,54 9,30 86,99 16,92 3,26 63,8 21,50 65,32 55,79 58,58 73,74 80,38 42,70 33,23 83,92 82,0 51,27 69,95 44,6 35,12 72,35 37,98 27,84 11,44 84,55 92,53 47,44 85,87 20,25 66,85 53,5 77,22 52,3 13,49 0,40 23,62 7,94 2,15 61,61 71,79 78,92 76,35 90,36 4,49 22,48 43,79 81,3 24,7 15,40 32,46 93,17 10,65 36,51 48,63 49,95 38,35 45,9 17,10 88,95 97,48 
4: 51,68 52,99 90,26 70,13 4,19 1,45 61,62 85,67 94,8 82,1 89,0 64,24 66,89 65,81 92,89 0,95 15,21 96,30 43,29 29,35 74,70 53,91 80,18 46,45 98,82 69,63 18,71 49,19 84,55 78,60 32,16 62,12 87,54 81,80 72,2 60,41 83,77 45,13 14,96 5,75 91,70 23,52 33,61 59,21 38,70 76,79 17,67 25,52 7,86 34,86 73,61 20,24 41,13 71,92 48,31 55,33 54,91 35,87 3,99 86,18 99,47 22,95 47,34 42,68 63,32 11,82 16,65 24,86 21,51 13,97 77,80 2,46 31,92 19,89 28,11 79,98 67,26 26,64 10,74 39,55 95,35 6,92 97,34 44,72 57,20 75,89 30,40 88,73 8,99 93,48 68,26 37,99 12,12 58,83 40,47 9,82 27,87 56,19 36,21 50,34 
5: 40,42 19,93 32,2 67,1 10,77 73,11 16,53 31,24 85,30 41,64 63,94 52,25 66,64 93,74 0,2 98,5 75,71 82,9 56,92 74,86 81,34 68,56 8,49 65,99 39,13 76,51 26,8 89,27 36,9 29,94 18,13 11,13 13,40 14,14 34,13 83,25 70,65 24,70 22,24 15,62 61,70 64,29 57,81 88,93 9,39 47,84 21,63 95,70 20,68 28,93 4,50 69,46 78,11 94,49 46,73 49,57 72,45 50,55 7,16 2,76 33,52 38,57 99,22 44,71 27,25 48,4 87,54 3,39 35,43 59,66 45,87 42,64 6,73 62,88 79,52 90,48 58,38 91,54 17,65 54,60 23,21 84,78 1,11 30,59 77,54 37,68 96,25 71,21 60,25 97,48 53,50 51,40 55,94 86,12 80,67 12,62 92,75 5,74 43,92 25,77 
6: 94,55 38,44 95,45 72,97 75,87 23,51 86,94 25,4 64,20 71,42 89,76 39,35 46,51 29,44 55,35 83,74 68,25 57,69 65,21 35,58 98,4 48,23 67,34 28,30 44,87 49,20 27,60 90,93 51,99 52,2 34,21 85,95 76,13 14,57 92,0 7,24 77,5 69,54 40,78 30,23 6,76 1,25 19,9 91,40 42,7 66,60 33,88 12,56 22,76 4,11 82,50 60,42 5,74 81,21 54,34 37,64 3,49 80,74 17,82 79,33 13,90 63,16 88,0 43,97 56,32 78,47 93,15 32,96 36,6 59,24 97,30 18,82 58,48 73,68 84,9 20,78 9,78 62,82 11,34 15,75 99,94 26,46 70,14 47,38 16,3 2,95 41,15 21,70 50,90 45,22 87,48 96,0 8,69 53,76 0,45 74,46 24,60 31,96 61,7 10,9 
7: 8,48 21,18 32,53 38,9 77,42 35,10 11,2 56,25 0,69 95,90 85,84 96,18 86,57 47,39 51,37 27,18 76,66 62,46 66,23 30,79 65,10 15,60 55,55 80,91 60,12 29,62 4,73 39,67 94,54 18,59 45,38 93,46 92,12 52,4 90,9 13,11 40,6 1,67 49,66 43,18 14,7 44,73 50,64 69,70 7,22 46,91 70,93 58,14 88,70 6,69 67,49 19,16 31,81 57,17 33,23 9,16 68,30 72,91 5,22 37,21 42,84 87,39 48,88 20,91 22,48 25,74 12,50 34,63 97,79 53,82 59,16 99,79 17,27 71,11 16,63 98,42 64,59 24,70 75,70 91,24 73,6 28,12 36,71 84,36 79,71 54,93 63,24 41,43 81,84 89,77 74,20 78,86 10,80 3,72 26,14 23,99 83,75 2,45 61,57 82,71 
8: 96,31 55,94 0,70 9,36 54,52 88,7 83,42 6,68 40,22 91,86 64,67 52,19 4,6 34,47 85,67 35,3 3,95 70,95 81,0 78,30 18,90 10,7 37,94 50,41 25,16 16,26 36,97 38,16 7,54 92,32 58,81 87,95 77,45 99,92 63,14 17,4 76,89 19,89 42,18 22,6 45,4 68,43 11,33 28,72 29,90 49,73 20,45 71,69 32,88 47,49 13,27 98,38 65,97 44,22 90,78 66,3 61,27 12,28 72,27 15,79 62,64 94,78 97,23 80,90 46,26 67,40 43,79 31,84 33,70 79,65 73,27 51,97 74,76 26,96 57,59 2,66 39,52 60,37 93,88 86,87 95,22 59,61 30,0 24,38 5,17 82,45 75,93 21,92 14,93 23,24 27,94 53,75 69,58 48,87 84,1 89,20 41,98 1,2 56,71 8,72 
9: 84,67 67,61 69,57 97,43 17,81 30,48 80,96 38,6 2,41 94,17 91,78 45,55 73,42 10,39 29,89 6,29 36,45 96,4 44,99 76,98 99,93 32,44 46,8 37,60 53,70 54,51 85,76 21,34 93,13 72,71 90,20 0,21 61,75 86,64 83,67 64,14 81,95 78,65 8,29 5,86 66,86 88,62 47,63 70,9 58,98 3,63 39,22 14,23 27,63 59,25 34,43 42,64 49,94 52,2 60,81 74,68 68,51 77,8 16,6 40,22 79,47 15,9 43,72 57,70 25,57 33,3 23,54 4,8 71,60 48,81 65,22 51,94 82,15 7,37 63,73 1,41 98,31 22,6 56,27 13,53 26,15 50,67 11,60 55,27 24,61 41,45 87,38 95,95 75,30 19,38 35,7 12,89 31,60 89,86 62,50 28,82 92,54 18,31 20,25 9,5 
10: 41,96 33,40 90,73 60,56 7,75 6,56 87,74 80,32 91,25 24,81 73,50 61,87 88,60 59,59 10,23 65,74 46,3 28,95 50,9 84,87 57,24 54,31 64,87 62,15 9,13 32,54 18,95 69,40 12,52 43,28 1,39 11,8 0,58 40,55 52,72 75,89 25,2 29,72 77,36 92,48 68,30 13,28 53,78 66,66 74,35 35,35 36,76 95,54 70,36 85,35 3,32 14,50 4,46 83,28 31,73 16,91 96,86 15,40 97,20 78,92 99,80 21,60 48,69 38,3 5,87 39,15 22,38 2,42 79,40 71,45 34,92 27,88 58,45 55,52 23,18 51,19 94,76 45,14 56,20 81,62 20,20 26,31 37,36 82,5 49,37 98,40 47,5 44,8 30,23 93,29 17,47 63,43 42,70 76,19 86,48 67,98 19,84 8,0 89,58 72,11 
11: 17,9 30,95 49,50 52,25 35,56 82,52 22,38 66,36 1,12 44,35 88,5 94,93 14,9 59,75 34,16 90,34 45,78 61,2 74,72 87,6 85,57 62,85 36,5 23,44 67,14 53,34 16,78 19,10 81,53 79,40 46,58 29,77 10,4 98,91 51,50 58,24 26,79 21,30 27,83 50,91 60,73 97,51 31,6 39,98 73,14 80,56 78,64 68,10 65,38 95,76 76,74 47,1 64,10 56,38 25,9 96,64 69,29 55,75 6,40 37,56 41,62 71,38 3,61 12,2 13,89 48,69 2,18 33,59 86,89 63,51 70,52 93,17 4,42 77,57 18,67 72,41 84,91 11,18 9,91 75,99 8,60 54,18 15,41 42,96 57,14 40,13 99,56 7,9 5,29 20,3 91,33 0,12 24,71 89,74 32,75 43,59 83,15 28,96 38,63 92,33 
12: 8,60 27,97 50,54 52,3 62,41 76,14 47,53 68,69 45,32 15,30 79,11 41,37 13,2 26,98 75,55 11,38 9,61 7,51 39,58 94,62 28,70 23,6 3,61 20,59 80,41 84,97 0,54 67,32 86,28 89,95 14,15 10,22 74,94 97,14 83,8 49,53 22,66 78,54 51,64 88,98 82,18 99,72 72,45 19,30 61,31 40,6 65,10 21,90 16,77 6,56 55,66 91,66 48,0 64,58 32,2 5,46 77,85 92,18 60,26 2,79 25,89 59,95 46,97 53,15 43,62 30,66 69,54 81,56 66,74 37,13 18,92 31,87 36,30 87,55 63,56 33,24 56,43 58,58 96,0 70,75 85,38 54,45 95,61 71,81 12,81 38,95 24,68 29,29 35,19 42,46 17,60 90,90 57,8 93,8 98,31 44,10 1,56 4,91 73,49 34,70 
13: 9,6 93,30 4,64 95,82 25,95 71,63 30,0 45,21 53,66 81,53 14,9 23,29 34,35 57,67 42,95 7,57 89,65 24,93 47,47 63,39 96,78 3,43 82,90 18,30 68,5 73,40 74,30 50,97 21,30 56,45 39,29 55,97 66,10 60,68 15,51 26,78 38,43 78,49 33,17 51,25 11,7 70,62 35,78 85,96 6,14 31,3 16,77 62,36 20,3 22,69 28,31 32,35 87,24 1,64 52,55 88,21 40,94 98,69 5,47 94,63 2,75 58,3 43,68 72,73 10,4 59,76 54,52 49,18 80,26 61,24 76,58 77,33 92,9 99,28 36,48 65,84 13,72 67,88 75,46 0,0 79,27 83,85 97,72 91,48 37,58 90,53 19,1 46,57 69,51 12,26 86,46 29,69 41,22 64,52 27,87 17,55 44,40 84,44 8,43 48,13 
14: 24,34 70,44 77,39 91,98 85,59 44,85 59,78 93,99 41,27 57,12 61,68 37,35 82,2 13,31 86,52 92,40 19,40 17,81 47,82 97,81 36,65 12,62 94,93 65,35 21,91 60,24 95,75 7,43 75,53 33,38 23,85 3,6 28,72 35,50 43,27 63,41 6,25 56,23 58,52 39,48 90,64 5,94 40,22 42,48 4,65 55,0 71,1 72,11 0,91 52,60 25,98 32,38 48,31 99,27 9,41 69,46 98,4 53,74 74,52 38,72 66,32 68,76 45,30 80,66 78,52 1,14 73,50 27,69 49,44 18,42 11,10 46,95 88,13 51,69 29,47 20,96 14,66 62,44 8,24 84,81 96,0 87,21 26,55 50,68 81,14 31,75 34,70 30,51 79,86 89,92 15,42 22,56 64,40 83,29 2,91 16,12 54,99 67,17 76,90 10,44 
15: 3,32 67,69 59,50 36,46 31,1 88,76 29,32 0,55 51,96 47,86 64,87 8,76 96,0 5,62 41,34 62,44 33,7 49,46 84,46 79,21 74,44 46,56 68,88 86,48 7,32 56,77 25,26 6,77 82,65 9,15 97,82 54,18 45,94 42,16 35,21 23,14 4,73 44,76 94,37 13,51 27,65 69,40 75,96 98,46 53,55 55,4 19,22 39,0 90,50 20,22 37,1 57,48 34,6 89,34 65,17 14,87 66,93 60,68 43,48 11,42 30,13 80,67 99,77 61,76 10,12 87,48 21,70 17,64 81,11 40,61 91,40 18,49 76,12 26,63 72,19 1,63 58,96 63,74 92,2 38,95 48,73 83,32 93,14 24,86 16,57 85,16 71,15 12,54 77,13 15,60 52,32 50,81 22,12 28,20 73,84 95,51 70,89 78,10 2,13 32,84 
16: 71,67 8,71 22,91 48,96 76,17 32,21 46,84 50,94 41,17 12,16 34,31 61,11 65,24 98,71 11,30 47,80 77,75 75,1 5,81 52,18 90,84 38,80 97,43 74,98 58,53 63,23 7,20 6,68 43,61 94,54 99,14 79,76 49,67 20,30 53,36 70,75 2,4 33,57 95,88 42,12 67,85 21,10 62,39 51,22 4,9 44,58 59,65 78,20 57,26 18,20 69,37 17,81 88,44 37,11 16,18 68,12 83,66 86,87 27,54 81,27 31,46 36,41 14,35 0,14 13,38 35,48 30,36 23,34 84,37 10,0 40,19 72,46 3,94 55,75 92,64 15,92 82,89 24,37 73,22 39,68 89,27 64,13 66,0 60,74 19,73 29,19 87,9 91,37 1,62 80,62 26,66 93,28 54,48 28,29 56,34 96,51 45,83 9,33 85,70 25,20 
17: 90,20 63,71 6,46 96,91 64,31 8,53 94,46 5,48 47,94 38,20 93,21 60,23 31,12 14,62 71,12 11,86 87,8 41,46 15,45 68,71 43,24 73,90 37,71 88,51 16,42 49,85 98,79 4,71 10,73 33,52 9,35 21,69 53,73 0,49 61,27 66,63 45,4 55,45 92,23 26,92 95,80 85,92 74,75 17,65 19,10 62,53 56,60 52,51 3,20 35,72 65,54 91,30 75,54 58,30 72,44 83,51 77,70 12,33 44,40 2,97 48,22 99,4 84,7 89,89 18,56 54,84 51,96 28,74 29,55 81,8 59,75 70,53 69,7 86,18 42,5 22,15 57,28 79,53 39,2 13,46 23,51 82,43 1,23 7,48 76,7 27,56 30,18 50,28 36,79 20,54 32,47 24,8 80,27 34,84 67,69 78,51 97,81 25,47 46,37 40,53 
18: 38,41 64,78 85,81 47,13 52,98 55,30 74,55 41,12 95,8 57,69 24,48 62,11 22,35 75,93 39,30 63,74 0,28 53,40 20,66 84,61 10,86 11,43 14,67 32,45 48,25 44,58 83,28 50,81 51,22 25,96 65,56 92,57 31,77 91,69 40,91 19,67 17,99 8,78 3,14 37,71 69,71 78,25 5,37 16,61 35,48 28,73 6,54 33,6 9,61 89,41 2,89 30,53 97,62 7,91 29,75 90,37 59,58 42,95 45,21 68,54 70,36 61,71 94,33 72,32 81,19 34,57 54,36 79,69 98,38 1,53 73,60 87,41 36,52 43,5 76,48 23,43 96,22 49,19 86,22 77,93 18,53 93,5 46,59 13,4 82,97 99,84 58,4 66,98 67,23 60,33 12,10 4,75 71,52 88,86 56,50 26,46 80,4 21,44 15,62 27,33 
19: 58,28 62,99 9,33 36,90 32,94 96,44 38,67 35,80 21,21 18,35 56,57 98,63 31,72 51,4 61,64 60,49 12,2 30,6 5,50 33,73 90,14 4,31 59,12 1,78 10,26 16,58 6,50 17,62 24,91 75,54 37,24 67,82 81,54 28,55 68,39 7,20 50,61 92,43 93,68 78,7 20,2 53,7 2,11 99,1 48,48 65,54 14,15 55,91 52,14 27,86 83,41 22,37 89,84 72,42 19,94 34,43 39,72 76,49 15,21 44,95 47,6 29,73 3,95 71,97 88,50 82,38 46,32 57,87 63,24 49,46 64,58 11,69 86,51 41,64 94,64 25,38 97,50 79,56 74,87 95,83 73,60 91,26 43,73 0,38 85,73 23,92 40,90 8,41 69,84 70,70 87,67 84,8 26,13 13,61 66,66 45,54 77,62 42,98 54,51 80,55 
20: 48,22 59,3 81,71 62,88 3,37 44,7 97,58 80,51 1,74 37,53 60,20 24,95 52,23 42,55 14,8 96,64 46,50 43,62 12,3 7,78 56,23 76,42 18,25 35,89 53,92 82,82 57,66 40,0 86,89 33,84 78,79 99,98 85,77 21,73 32,67 17,94 29,85 54,46 95,39 26,87 39,93 50,14 34,24 61,69 70,44 92,59 10,42 88,55 4,52 79,81 23,89 30,84 64,77 0,1 55,20 91,48 68,52 5,52 8,4 51,46 67,59 45,89 13,92 15,39 38,85 20,39 63,32 22,21 90,26 65,88 74,39 27,36 87,83 66,58 73,70 77,12 84,60 9,23 98,76 47,66 28,81 36,39 58,90 71,26 83,11 93,38 2,59 75,54 16,97 89,5 31,67 72,6 41,97 6,15 11,87 25,46 94,87 19,26 49,68 69,40 
21: 53,96 21,66 60,21 56,64 33,49 22,84 75,62 43,6 13,34 6,54 25,69 26,33 89,12 3,5 18,51 97,89 23,67 20,29 51,29 66,60 36,29 64,88 58,68 85,71 81,31 73,33 50,14 55,67 31,86 80,29 4,35 71,10 94,98 93,21 54,32 78,47 72,41 91,58 30,24 19,4 67,72 90,10 44,72 11,19 86,47 9,69 96,50 45,81 0,56 29,7 10,87 69,20 37,85 40,94 79,22 46,14 82,80 32,96 16,84 28,64 83,9 49,15 77,56 5,48 76,95 59,39 61,90 98,21 99,97 38,83 84,49 17,99 88,9 24,68 48,63 70,79 14,0 35,54 68,11 8,82 34,94 92,87 95,9 15,77 12,29 47,44 74,56 7,10 62,9 42,88 27,83 52,51 63,53 2,88 1,97 57,65 39,70 41,29 65,13 87,49 
22: 41,41 49,17 91,46 2,0 94,37 81,45 68,8 48,15 60,34 98,81 36,32 22,29 34,49 21,41 33,73 25,82 39,65 76,65 30,18 55,24 79,24 27,6 99,85 67,59 84,46 37,4 35,27 45,42 50,46 46,51 6,33 87,52 23,27 51,94 95,41 80,8 3,6 70,6 20,69 43,45 93,45 9,30 16,84 13,33 85,36 63,84 10,19 74,75 89,11 0,74 47,66 44,71 56,47 42,49 75,76 86,74 5,24 53,89 66,68 15,3 40,83 31,7 52,51 7,31 18,90 72,46 32,9 62,19 61,8 14,24 26,37 28,80 64,85 97,6 96,24 92,25 73,14 17,64 83,63 29,9 90,66 88,18 11,22 1,15 38,13 57,56 59,13 24,6 82,4 69,26 19,14 77,21 58,80 4,52 65,29 78,78 54,66 12,75 8,55 71,1 
23: 56,45 7,51 10,15 47,60 35,48 45,99 8,87 64,86 99,12 58,61 61,98 89,99 84,30 17,29 18,35 75,20 25,85 62,70 28,17 78,81 46,42 49,16 33,84 21,94 53,61 37,22 69,25 14,45 42,30 26,67 40,24 32,45 48,27 4,88 92,4 3,95 43,47 59,97 63,2 12,50 36,55 86,58 6,22 55,75 1,95 60,13 74,19 97,62 38,95 80,29 54,80 19,24 68,26 81,30 87,10 50,14 93,81 39,0 9,77 73,12 77,47 24,72 90,25 31,69 70,89 16,9 94,4 13,48 5,22 41,91 91,69 27,66 72,54 82,73 65,17 95,90 11,72 67,84 52,67 79,30 22,84 34,96 57,4 29,20 85,53 83,33 51,64 23,10 20,83 30,3 98,68 66,32 88,16 2,48 15,4 0,53 71,2 96,38 44,98 76,77 
24: 16,9 91,73 9,17 85,79 64,37 94,63 34,91 70,6 3,34 98,87 35,14 99,73 55,32 7,99 58,6 56,82 54,92 8,93 60,35 93,36 27,88 14,15 95,33 12,52 80,45 50,56 29,18 22,76 97,39 47,54 23,38 19,79 83,16 66,96 82,47 92,33 52,51 45,47 77,43 90,43 26,69 67,72 10,14 17,72 65,17 88,76 13,37 72,72 46,88 89,52 44,51 20,61 49,51 1,54 2,73 30,14 32,23 21,64 41,69 42,28 11,57 69,11 75,1 68,1 5,92 0,59 87,27 15,31 71,99 79,98 73,5 6,27 31,28 53,61 57,77 25,2 74,39 4,65 63,93 81,89 38,3 51,30 84,14 86,86 37,1 40,17 96,99 33,5 61,24 18,83 36,37 62,25 43,77 78,97 48,53 24,73 28,2 39,71 59,21 76,23 
25: 15,55 47,60 24,98 10,79 52,10 3,2 55,84 83,2 96,22 26,88 20,69 41,21 72,56 98,93 5,9 85,97 36,34 51,3 43,17 23,41 73,79 30,63 75,24 16,78 67,70 92,57 40,66 31,24 70,3 7,3 88,96 76,30 77,70 27,50 59,44 38,14 66,48 48,15 97,38 4,42 13,46 49,99 86,70 37,69 74,84 87,53 71,33 53,35 50,67 69,96 1,39 0,32 2,7 82,39 32,83 61,14 6,49 35,48 80,50 57,83 81,41 45,23 25,26 28,55 8,36 14,97 95,11 79,25 90,72 93,29 78,84 60,90 63,35 56,12 91,22 46,58 11,82 54,75 58,38 18,58 12,81 9,69 89,45 22,70 84,46 68,97 62,97 44,58 94,0 99,5 34,18 42,78 17,85 29,44 64,13 39,82 19,75 65,61 21,97 33,77 
26: 51,83 55,2 67,57 16,93 21,78 75,94 65,63 32,68 42,57 8,82 20,46 9,75 26,87 60,58 77,68 57,45 69,14 59,37 31,29 73,27 64,56 48,33 17,98 66,76 47,20 25,5 81,57 11,39 61,22 40,38 43,51 52,83 24,62 1,75 87,33 18,12 4,95 83,72 19,69 23,93 13,57 92,11 78,76 56,72 99,78 45,76 29,58 58,46 89,26 63,19 62,6 14,2 70,69 22,40 41,19 90,92 0,37 34,41 82,66 80,85 71,17 30,38 6,87 50,62 95,56 76,70 27,53 98,55 72,92 86,47 93,4 85,43 97,8 10,57 38,42 44,24 2,74 3,75 5,88 46,41 96,34 79,8 33,68 74,50 35,72 12,13 68,53 7,66 39,4 49,21 54,47 88,47 15,98 84,98 36,58 28,93 37,70 94,77 91,41 53,71 
27: 26,44 97,87 48,49 96,60 23,47 14,21 39,65 67,63 68,77 72,3 28,26 0,94 56,50 47,19 60,52 9,5 58,61 40,83 41,9 5,87 61,34 25,62 64,4 20,3 62,71 36,74 44,1 24,17 55,12 99,3 12,26 50,1 63,20 59,90 35,69 32,90 19,7 83,75 34,96 90,49 37,88 33,49 4,91 91,7 98,34 65,15 77,13 70,35 87,11 2,0 10,18 38,44 78,76 92,30 46,24 69,32 88,86 84,95 86,83 52,80 7,92 73,35 16,26 79,84 30,94 54,12 76,32 66,4 49,56 29,97 8,10 81,91 11,50 89,48 80,27 18,6 71,26 53,61 85,59 94,17 6,93 1,24 27,54 3,57 75,6 13,95 95,96 82,59 42,2 74,99 17,61 57,26 45,93 31,29 51,55 15,24 21,3 93,7 43,43 22,89 
28: 21,36 73,87 71,61 52,34 78,23 75,43 86,80 3,4 58,35 11,60 68,23 57,4 19,91 59,7 30,94 54,26 76,15 79,63 97,36 44,44 15,5 36,60 56,45 7,58 42,44 34,48 82,23 12,74 77,20 85,21 33,21 4,40 23,21 62,1 99,88 51,52 95,88 40,88 18,10 0,77 50,95 65,48 29,32 55,22 91,35 80,92 9,59 32,83 84,18 17,55 48,87 27,9 43,12 74,2 47,98 96,52 64,52 16,50 61,52 24,43 93,4 37,33 31,20 38,77 22,62 28,67 5,10 92,16 41,89 63,78 70,54 14,53 20,85 69,67 60,96 94,60 89,10 72,57 67,42 6,58 25,46 87,79 49,53 88,77 53,84 35,99 45,89 2,73 39,39 66,34 81,45 13,71 83,38 46,65 90,11 8,90 1,58 10,79 98,38 26,70 
29: 43,48 23,12 84,95 79,84 33,86 54,81 58,89 28,12 16,13 69,84 50,54 40,81 44,37 64,94 86,91 60,4 15,67 34,84 2,57 22,70 13,15 7,76 82,8 52,27 83,11 18,23 8,39 78,54 4,27 55,32 57,93 61,40 39,80 93,16 0,58 70,49 32,61 20,38 35,71 14,29 45,18 53,81 98,53 94,20 63,67 59,29 97,6 48,34 42,78 66,90 30,29 5,70 38,66 65,93 49,60 72,34 80,27 87,30 6,19 81,52 46,59 36,12 73,46 96,37 76,17 25,15 99,13 9,58 29,35 24,83 37,14 1,63 47,27 3,68 27,21 31,7 95,77 67,26 12,56 91,34 26,89 21,32 56,22 85,43 62,74 89,70 17,10 10,27 90,29 71,16 88,59 11,31 51,32 19,78 77,19 74,12 92,31 68,57 75,95 41,65 
30: 75,11 8,52 25,20 39,98 17,82 66,53 85,36 82,37 51,83 90,42 37,42 70,55 22,50 34,83 71,78 41,32 15,46 27,86 61,57 95,71 56,54 11,0 43,53 48,27 19,79 24,2 26,90 72,41 10,68 42,28 73,7 92,37 29,35 50,9 31,57 80,47 55,35 59,80 12,84 96,0 33,95 63,64 1,20 7,59 74,82 76,66 4,61 54,52 97,98 53,90 20,63 13,69 32,72 67,80 0,86 57,13 94,99 49,63 77,4 14,14 60,14 78,81 18,23 52,18 21,58 46,83 6,72 16,80 30,91 68,49 88,60 36,30 45,54 93,7 5,17 99,8 23,82 83,20 87,1 89,80 79,34 47,3 58,54 40,24 28,56 91,18 98,66 3,83 35,42 9,24 65,84 69,44 64,30 86,22 38,32 2,77 84,77 62,43 44,79 81,32 
31: 88,55 87,6 48,40 80,14 54,67 74,53 10,49 1,29 9,33 99,64 23,18 84,69 31,81 0,0 30,76 37,20 66,22 82,42 44,68 78,89 62,74 86,4 72,86 27,73 49,17 13,67 20,18 98,70 8,93 29,40 5,99 61,97 51,48 14,80 25,55 73,87 42,25 38,68 39,90 63,34 12,29 2,10 57,44 96,0 92,14 94,83 89,45 91,24 60,9 32,51 53,36 21,12 97,57 4,13 6,26 76,49 46,12 28,50 69,94 35,44 33,53 7,63 18,26 71,81 43,32 70,68 95,5 22,44 79,62 56,5 11,42 55,16 58,30 68,38 75,48 41,34 93,76 85,98 16,40 90,66 15,70 40,43 24,19 83,19 52,54 81,85 3,55 64,86 45,8 19,81 36,26 77,24 26,15 59,23 67,41 47,66 17,32 34,63 50,75 65,14 
32: 25,81 27,37 35,49 3,37 46,53 5,82 31,83 14,97 60,64 66,9 75,19 52,47 13,75 17,2 24,0 18,79 72,53 32,89 59,73 86,87 2,16 53,4 28,75 6,92 7,13 67,48 87,64 69,65 62,75 16,2 81,26 1,82 80,47 83,11 37,2 58,7 11,63 70,14 98,33 4,3 23,73 12,2 89,63 34,63 97,81 54,43 78,82 33,78 73,40 15,94 56,88 68,47 79,15 26,24 19,0 38,18 10,3 85,23 41,44 45,36 88,83 64,10 99,97 57,66 94,98 22,50 91,89 0,95 84,9 40,25 71,63 76,98 82,31 48,48 44,8 95,2 9,1 43,37 20,93 51,82 61,99 50,16 55,85 39,85 47,39 65,24 30,48 77,40 93,99 74,24 36,95 21,79 96,82 42,29 29,56 63,88 8,21 90,76 49,2 92,17 
33: 10,43 21,7 9,27 72,66 23,64 40,66 57,62 7,39 37,37 16,31 97,2 0,36 43,48 51,22 69,50 20,60 29,47 96,66 46,39 17,93 35,43 36,8 87,57 95,35 59,3 27,97 13,13 71,91 34,42 2,62 64,97 63,0 26,85 74,31 80,37 25,22 19,50 41,64 49,92 98,76 76,71 67,12 4,84 5,2 68,1 53,40 84,17 73,48 58,63 83,54 11,64 48,90 81,19 62,71 82,34 86,50 66,24 15,27 28,16 44,17 91,40 6,37 14,43 99,86 92,62 54,20 85,97 3,67 52,39 78,50 61,21 50,86 70,67 89,57 22,62 79,68 56,35 30,8 45,84 55,77 32,87 39,33 33,34 88,69 8,22 24,33 65,21 12,29 77,9 42,59 94,1 60,78 31,38 75,51 18,88 1,88 38,46 93,35 47,31 90,2 
34: 89,62 73,98 2,16 96,40 61,64 74,77 84,32 95,41 4,33 69,92 57,66 31,99 71,26 92,54 20,95 75,82 86,74 62,40 23,81 53,48 91,1 88,31 35,97 58,16 82,31 10,84 13,47 48,98 59,25 6,27 40,61 54,0 38,88 41,40 17,80 65,44 29,60 30,98 83,80 1,88 45,50 19,94 42,19 44,76 28,85 79,93 3,19 55,80 22,13 5,65 67,65 21,70 24,12 32,49 49,11 78,23 66,3 11,12 16,75 36,84 26,81 0,53 64,43 7,24 85,57 12,57 72,40 87,38 27,50 80,77 94,68 76,25 37,21 63,26 50,89 68,15 9,5 81,22 47,10 18,95 14,19 60,12 90,20 98,17 33,50 93,48 15,33 52,85 97,18 39,65 70,13 43,73 77,84 56,46 34,31 46,68 25,93 8,37 51,14 99,45 
35: 36,60 17,56 37,63 35,75 10,61 47,34 71,88 13,76 6,46 81,1 42,29 23,18 1,11 52,75 95,10 9,87 51,91 4,25 77,76 83,95 28,10 40,45 14,49 57,62 63,63 66,40 43,90 29,51 86,58 0,28 62,90 48,82 34,95 60,63 41,5 50,95 59,86 22,67 53,85 2,91 21,36 20,72 56,7 67,62 93,49 27,32 11,21 33,71 89,69 5,36 16,58 55,58 78,31 64,1 72,12 39,84 74,97 18,3 88,50 26,52 98,90 99,78 91,27 12,97 8,94 15,92 96,97 79,47 25,75 94,86 92,96 46,43 61,16 69,37 70,38 80,56 19,28 30,98 84,85 44,98 45,47 32,82 68,34 73,54 49,38 65,81 85,62 87,92 38,16 3,28 58,85 7,17 76,68 82,16 90,23 24,87 31,72 54,58 75,1 97,35 
36: 39,80 84,7 95,31 90,31 19,42 72,86 75,35 25,56 42,97 16,23 6,46 97,23 40,87 8,36 80,29 7,61 10,38 60,64 67,32 68,32 13,32 78,9 23,95 41,2 50,55 3,20 71,63 21,51 87,6 30,57 76,97 88,79 52,20 53,90 93,25 15,50 24,61 62,60 91,97 47,23 33,23 94,16 11,2 17,2 27,94 4,56 12,99 2,61 43,67 69,15 57,58 96,77 61,66 79,70 22,8 86,54 34,71 66,93 36,99 9,52 82,24 70,96 31,46 38,73 64,5 74,93 5,63 44,59 73,14 54,11 63,42 26,11 35,85 49,47 77,55 99,19 58,30 98,60 0,11 92,23 89,20 32,13 65,67 81,28 83,73 56,46 14,74 28,69 45,49 59,72 51,25 37,12 20,1 18,19 29,85 48,2 46,63 55,80 85,16 1,43 
37: 65,34 25,49 11,54 34,9 22,97 36,11 59,37 64,53 8,85 53,47 49,87 85,73 54,72 44,81 26,9 33,36 89,16 13,51 80,23 30,76 82,0 76,33 98,5 56,59 24,65 71,16 88,56 83,54 15,34 32,21 35,1 81,78 7,62 52,39 68,48 75,34 10,93 96,46 77,61 70,19 28,10 73,31 50,67 79,23 29,50 97,20 39,97 95,98 48,33 40,71 86,43 61,89 51,79 58,33 46,67 94,73 4,47 57,78 92,47 69,61 66,72 55,12 5,6 42,89 9,24 16,79 91,27 19,27 23,76 12,47 20,73 18,27 41,13 31,73 3,6 27,63 63,17 67,91 99,98 2,61 6,90 62,22 45,20 37,81 43,40 78,73 87,80 38,95 60,13 14,78 17,67 72,40 74,62 93,16 84,74 90,52 1,68 47,55 21,8 0,17 
38: 16,96 28,37 48,43 14,10 2,81 29,8 39,65 58,31 13,41 56,10 94,65 43,6 46,18 33,92 49,38 40,85 73,83 66,24 77,14 0,42 12,67 86,33 61,52 59,56 38,49 70,9 7,90 85,59 76,12 81,33 30,69 50,17 83,52 93,86 99,17 6,55 17,18 36,66 5,37 47,77 45,54 4,21 80,50 32,35 23,56 34,12 72,69 51,84 9,12 18,99 68,3 97,90 98,19 89,64 25,97 52,13 22,84 75,91 60,10 96,66 69,26 27,46 84,63 90,78 78,4 91,47 62,89 95,24 71,4 74,37 82,14 88,29 11,45 19,94 42,55 31,33 21,14 37,31 24,4 3,90 67,98 1,0 8,19 26,85 79,31 41,3 57,46 63,33 55,47 44,18 54,91 15,42 65,41 20,0 10,55 35,10 53,4 64,11 87,56 92,8 
39: 82,77 4,43 84,64 98,25 19,54 26,20 68,52 76,47 7,95 78,33 94,71 20,77 21,47 44,37 29,5 41,82 90,68 1,27 18,58 51,6 23,53 42,28 88,28 48,0 17,24 30,34 46,41 80,1 62,75 35,49 53,86 11,46 79,22 85,31 70,98 50,56 65,91 71,50 73,46 55,59 60,9 63,59 97,44 64,0 43,57 33,63 99,47 2,93 81,11 38,22 16,37 75,64 87,77 3,41 0,67 58,57 92,81 95,13 52,72 77,89 34,89 72,66 28,71 31,54 27,73 14,81 37,39 40,57 69,25 74,83 32,85 86,14 67,89 13,1 36,31 10,65 93,53 57,57 96,43 89,74 66,21 5,57 91,33 9,0 59,97 39,41 6,15 49,49 22,75 8,50 24,93 56,57 54,94 45,9 15,71 47,47 83,23 12,80 25,10 61,47 
40: 95,75 71,94 28,33 74,95 31,77 7,49 64,23 9,82 88,30 69,88 1,62 77,79 37,84 50,90 61,73 73,14 14,6 48,17 24,77 45,13 2,87 58,32 67,54 63,74 99,46 55,2 70,15 23,51 80,73 81,34 25,18 4,96 57,95 46,23 97,7 54,24 26,62 65,80 27,48 0,85 3,14 10,5 84,37 62,88 98,54 72,42 76,42 40,40 47,52 5,99 12,71 13,11 96,67 87,69 34,50 82,88 89,99 11,52 52,17 21,29 30,68 44,51 56,93 92,33 85,10 43,53 36,23 8,59 22,34 75,36 83,51 42,21 94,91 35,33 41,52 53,26 20,57 6,71 66,98 91,35 29,49 18,99 16,20 32,94 39,68 17,58 19,64 78,31 79,84 49,58 51,67 60,62 86,6 93,53 90,57 15,88 38,31 68,78 33,77 59,18 
41: 22,85 18,11 82,31 35,84 67,57 99,87 86,27 29,1 14,52 15,41 38,12 24,53 27,90 5,64 19,46 76,4 54,60 58,71 61,46 32,26 93,45 66,26 0,95 10,61 16,24 98,52 53,10 55,98 50,31 2,5 65,5 84,27 52,87 75,23 17,51 33,67 39,85 79,38 83,2 90,58 31,73 44,79 97,6 13,81 36,45 69,97 95,57 25,99 47,54 73,96 45,42 11,3 8,69 41,54 48,51 28,25 37,74 40,78 64,79 78,45 91,17 85,13 20,14 59,51 63,25 71,98 57,34 60,62 88,73 12,74 77,64 3,30 4,74 62,71 49,25 74,54 43,99 9,51 68,38 46,33 1,52 34,51 94,89 70,13 23,79 7,12 21,41 80,24 42,28 51,20 56,14 96,61 26,51 72,53 87,76 89,15 81,25 30,32 6,3 92,78 
42: 14,69 24,47 61,55 73,74 30,60 26,25 4,59 71,18 62,94 65,6 38,89 1,61 25,36 93,37 51,94 16,64 58,49 19,79 44,69 85,17 68,61 23,32 42,36 76,30 7,45 98,77 33,1 32,20 6,32 92,51 12,55 11,92 54,68 20,19 36,66 75,63 37,22 69,93 35,66 80,19 82,4 91,82 46,96 94,37 48,43 55,48 64,13 40,32 89,62 49,86 56,45 66,42 9,50 39,7 99,65 17,65 83,23 10,53 34,83 5,80 18,84 74,12 88,96 63,18 67,36 87,96 72,59 43,69 96,41 0,5 95,37 21,87 29,94 78,65 59,4 45,83 97,4 57,83 13,58 47,64 31,56 86,71 52,73 81,2 41,70 22,70 50,73 70,11 79,45 90,63 53,93 28,84 3,98 2,32 77,17 60,50 8,14 15,31 27,52 84,98 
43: 23,30 92,44 97,14 58,66 35,63 89,99 25,80 20,12 67,42 18,52 61,45 81,63 24,62 73,74 6,12 93,72 34,77 38,77 62,68 27,18 72,92 17,40 47,55 39,87 87,91 26,49 52,99 94,43 82,59 16,13 10,38 86,2 56,12 74,50 98,62 29,42 95,32 91,9 71,48 80,18 85,44 21,96 43,78 42,7 3,43 64,25 77,26 66,92 8,91 75,18 1,7 54,35 76,53 79,95 51,31 49,97 65,52 45,64 50,41 59,41 37,84 63,97 69,86 68,6 88,97 53,52 84,10 33,64 11,88 57,34 9,75 44,69 12,62 70,97 78,24 2,80 32,38 31,25 30,40 90,28 15,67 60,2 96,73 14,80 19,92 46,79 7,59 40,14 22,82 4,12 55,95 41,89 0,59 28,46 5,16 36,59 48,99 13,25 83,57 99,56 
44: 3,58 20,77 44,51 78,60 98,94 40,57 49,87 75,20 60,69 39,75 66,82 34,53 4,21 47,70 14,39 84,36 45,54 5,36 32,81 13,49 79,64 69,1 37,40 73,31 24,55 41,5 92,9 55,36 31,62 57,42 29,67 94,67 36,34 65,47 67,14 85,86 1,47 86,58 9,45 87,36 70,97 43,63 83,2 35,39 54,72 6,20 82,82 50,90 51,86 77,8 91,10 59,34 11,4 8,30 10,78 96,88 28,85 23,92 99,47 93,91 17,92 80,60 38,13 0,97 27,81 26,1 33,98 2,25 89,17 21,53 74,62 95,98 81,81 76,87 30,27 71,82 90,10 16,50 46,31 52,98 53,82 25,55 68,73 7,34 19,45 48,31 63,28 64,21 42,30 58,30 97,38 15,41 61,60 88,0 18,35 62,33 72,81 12,20 22,17 56,1 
45: 22,6 80,48 25,64 9,17 20,45 13,10 77,16 31,42 44,18 56,19 98,64 69,64 81,89 12,71 83,89 18,26 64,10 1,86 43,63 17,7 74,70 79,68 7,71 65,72 54,21 46,62 16,89 48,55 37,41 53,75 84,98 41,91 70,73 26,9 93,94 30,93 89,15 15,61 36,75 91,9 42,71 67,58 28,54 2,68 35,2 23,11 14,57 29,37 96,20 27,80 99,55 3,58 19,45 32,65 50,97 94,13 57,48 92,9 51,83 4,80 45,96 60,36 95,16 39,38 75,96 0,58 97,89 21,1 82,98 40,65 55,69 10,37 8,20 71,62 68,35 49,84 66,54 87,67 34,70 52,89 5,22 58,75 88,40 78,53 73,0 33,32 76,35 62,26 47,9 11,15 38,28 72,62 6,77 61,30 85,72 63,54 90,49 86,20 24,0 59,74 
46: 64,38 52,91 47,52 10,97 49,12 66,40 15,18 21,49 33,83 19,33 59,84 83,25 2,6 3,7 6,7 22,87 51,18 68,36 74,87 80,74 90,37 99,1 53,15 16,55 44,94 32,74 23,71 36,84 95,25 86,5 45,81 14,88 37,96 5,92 77,24 78,45 75,58 41,57 92,55 55,60 26,3 58,67 79,4 30,4 82,98 87,87 35,55 63,87 39,56 12,39 73,95 67,94 50,12 13,86 72,58 56,49 48,40 85,49 20,9 40,43 34,99 71,12 0,65 25,18 70,11 28,82 76,75 24,34 27,16 93,46 94,42 43,23 31,24 1,15 61,37 46,4 69,92 84,73 96,33 89,51 54,50 60,47 98,7 65,0 4,18 29,7 7,74 57,19 81,45 8,62 97,63 17,0 88,15 38,29 42,83 91,50 11,85 62,15 9,42 18,34 
47: 19,54 14,61 90,59 7,42 82,53 33,8 96,97 88,87 48,23 10,3 3,70 28,84 22,66 32,72 86,10 2,39 45,41 85,86 42,47 76,39 6,45 81,77 80,10 61,30 34,90 21,98 9,38 64,11 36,21 50,10 60,4 57,3 66,10 89,55 39,48 92,76 11,71 79,87 72,27 54,25 97,49 18,63 83,81 17,28 75,66 23,30 63,17 13,9 0,39 58,99 46,34 84,89 4,27 68,15 98,63 38,14 94,91 43,21 27,24 31,22 52,80 71,59 30,99 70,78 78,66 24,26 16,46 29,90 55,16 53,51 69,77 74,38 20,3 26,98 8,84 87,65 37,2 49,41 93,98 12,67 25,68 41,28 44,16 47,25 56,52 73,27 59,25 77,67 91,81 15,15 40,42 67,77 99,76 95,88 62,63 1,63 35,72 51,35 5,43 65,4 
48: 52,16 18,50 73,55 71,1 45,56 0,96 82,75 15,67 5,23 46,5 39,13 42,2 23,92 36,96 67,44 13,67 41,79 1,80 70,32 31,17 65,87 38,44 25,17 76,99 93,45 7,53 77,33 37,1 62,25 84,41 58,52 89,93 44,62 21,67 95,8 50,49 90,9 80,30 30,62 26,13 83,35 97,47 74,77 91,96 68,9 3,23 9,59 78,56 27,12 61,82 28,86 85,25 81,85 8,15 17,61 56,7 53,78 48,78 10,81 19,87 94,56 2,56 6,69 60,82 40,62 66,99 20,77 55,35 87,14 63,74 51,70 12,57 72,75 75,35 43,57 16,94 57,66 33,33 14,30 47,9 86,98 4,68 92,72 24,45 79,6 69,66 11,95 32,32 59,78 34,51 22,65 96,55 99,24 35,30 49,59 88,25 54,11 29,22 64,72 98,8 
49: 14,80 87,91 61,93 32,33 76,14 35,81 28,23 56,48 75,11 17,68 60,49 99,22 86,13 24,88 73,64 81,24 70,34 21,7 31,51 0,66 93,15 3,82 45,60 91,61 40,1 8,16 58,77 65,16 77,62 48,8 97,11 15,9 74,20 83,10 68,49 20,83 4,99 59,67 11,78 9,52 55,3 46,55 72,64 84,94 92,19 88,63 41,33 10,57 2,19 78,71 54,2 29,98 90,15 47,84 34,36 82,64 89,74 25,67 66,55 12,75 37,48 95,74 38,48 16,19 52,77 18,36 23,42 42,38 1,90 26,34 98,55 5,10 80,41 71,43 6,8 22,75 57,52 64,28 19,72 49,17 69,14 36,10 27,31 53,24 62,38 94,15 96,73 63,58 67,52 43,86 51,98 50,6 39,98 13,93 30,79 44,53 7,5 33,34 79,90 85,64 
50: 44,79 88,4 76,9 79,65 93,4 77,31 4,11 49,54 86,44 17,72 33,75 13,4 61,42 58,82 8,77 25,84 30,67 23,12 69,37 10,95 41,31 59,36 39,96 1,70 21,43 26,6 2,60 56,12 27,61 43,23 52,29 95,45 99,24 9,53 57,99 94,41 6,76 70,66 12,51 51,30 7,59 19,17 63,78 66,54 67,39 42,93 92,34 47,61 64,52 16,33 20,4 35,25 84,36 29,73 5,36 14,4 37,69 45,4 97,35 0,9 50,44 40,56 73,59 82,47 32,97 28,69 53,34 75,80 85,71 72,10 36,82 46,12 3,45 11,77 62,68 65,60 38,59 68,15 80,79 55,16 18,31 71,43 78,42 87,68 24,39 96,10 98,57 91,77 83,41 81,77 74,48 90,34 31,37 22,3 48,96 54,54 15,34 60,63 89,83 34,64 
51: 89,30 21,16 34,18 1,71 74,1 94,53 62,7 65,34 7,94 80,99 59,11 55,68 77,53 99,23 54,20 68,33 24,42 79,77 48,91 17,75 95,59 28,43 63,49 22,83 42,26 31,75 47,45 16,69 82,57 25,17 36,58 12,45 8,66 87,17 56,7 11,80 51,35 38,46 58,47 69,65 81,36 43,33 85,34 53,6 20,71 60,97 90,32 67,88 92,3 52,19 40,11 19,30 5,92 45,88 46,57 49,84 3,36 35,56 96,89 66,15 30,80 76,15 6,83 15,7 73,81 84,69 71,72 98,39 18,42 93,36 78,56 9,25 88,64 4,15 27,72 44,13 57,84 83,17 41,28 13,97 14,2 37,28 75,73 26,40 64,48 10,23 61,2 32,71 33,36 70,67 50,49 2,80 23,1 39,96 72,94 86,38 97,4 0,93 29,24 91,95 
52: 89,51 24,44 83,5 72,13 79,76 37,13 65,39 23,44 43,79 64,58 77,78 58,98 8,41 66,81 30,29 32,88 88,9 13,17 93,80 7,57 85,7 2,69 29,50 27,43 36,28 86,13 47,56 59,87 68,32 34,9 76,25 97,71 52,68 74,72 57,8 81,93 12,78 14,6 17,16 18,66 31,42 45,88 56,55 33,10 35,39 15,37 44,10 0,52 3,1 41,91 11,72 49,97 99,14 82,78 21,81 46,94 95,94 94,44 55,35 22,19 90,73 19,36 5,80 38,6 78,56 71,13 80,99 50,51 75,19 1,29 67,33 84,99 39,37 62,27 26,63 40,5 53,83 91,30 98,28 51,3 28,66 20,33 4,70 25,99 42,35 87,3 60,63 16,93 73,57 96,51 54,98 10,30 61,30 70,83 63,56 92,8 69,40 6,32 48,54 9,28 
53: 47,85 9,47 24,11 66,49 76,88 3,25 13,0 50,14 18,24 80,44 33,1 2,79 5,3 95,55 23,89 86,96 90,56 57,28 11,82 12,86 65,98 83,43 84,65 38,3 55,60 14,68 17,50 49,18 28,42 40,31 70,65 88,5 22,81 29,77 98,76 85,26 44,50 77,48 34,82 73,97 20,39 26,93 75,63 52,64 64,34 58,78 78,58 56,11 37,33 53,91 6,35 32,48 1,42 92,75 63,58 39,99 48,99 97,90 81,41 59,79 89,35 35,52 91,89 93,0 0,72 7,9 19,27 36,80 30,93 42,88 74,6 82,13 94,46 43,79 60,25 4,11 27,76 96,45 68,92 15,50 54,93 41,64 71,74 87,27 21,28 16,93 25,20 61,10 69,75 79,43 72,25 46,47 10,57 51,98 45,21 99,75 62,1 67,91 8,8 31,74 
54: 48,65 70,7 32,28 28,9 56,32 63,3 82,52 76,0 1,14 69,9 13,45 14,88 65,66 23,9 45,89 87,55 71,54 31,40 92,71 77,59 17,23 74,99 86,61 40,0 30,46 64,78 53,68 42,42 47,25 27,17 34,73 44,81 52,54 51,52 75,16 84,68 38,14 72,72 50,7 97,68 35,86 95,76 85,11 91,22 43,91 60,47 54,64 22,42 81,14 24,2 68,57 16,20 55,39 78,65 4,96 29,43 37,9 73,31 62,15 6,24 15,99 36,63 58,82 94,54 96,93 61,82 66,11 12,27 80,31 67,61 57,83 59,92 79,31 7,73 99,23 11,3 8,8 3,51 49,69 10,25 26,51 89,24 0,52 33,40 39,52 9,91 19,54 83,12 41,87 46,37 88,72 20,10 25,0 93,69 2,1 98,40 5,98 90,67 21,38 18,73 
55: 56,75 12,96 3,11 31,85 96,68 22,30 97,88 47,6 48,37 0,78 46,89 7,83 67,25 15,28 37,59 33,96 41,50 14,96 72,56 69,88 9,19 40,63 44,4 51,97 1,44 73,22 11,14 28,32 34,94 82,34 49,49 45,92 64,43 77,34 27,69 60,70 68,39 63,91 78,41 26,64 71,43 29,5 59,25 10,97 62,74 19,12 4,71 13,14 50,83 8,38 35,84 24,87 87,33 20,83 32,82 89,97 30,42 39,3 38,8 88,47 57,41 74,92 81,60 92,62 76,87 17,97 5,62 75,28 36,67 80,91 94,49 54,33 65,93 84,44 86,9 6,10 93,45 42,12 70,69 66,48 2,53 43,29 90,10 58,28 98,69 25,65 79,25 83,74 91,89 53,45 61,51 23,65 21,36 16,2 52,62 95,10 18,17 99,89 85,28 55,22 
56: 36,95 4,64 83,31 22,5 60,71 77,36 59,84 72,88 24,97 44,50 80,94 19,47 87,63 89,29 96,48 34,71 9,30 46,75 52,64 13,38 40,48 62,12 86,74 5,94 75,26 69,1 55,98 14,2 76,34 28,88 18,84 70,32 41,97 25,47 43,88 92,43 57,54 16,34 68,62 97,49 47,36 82,78 6,83 45,25 3,82 2,83 27,73 48,94 88,43 54,61 50,93 66,1 10,47 91,80 42,29 65,82 85,90 35,57 93,75 32,88 39,32 17,60 51,62 98,75 74,28 95,13 53,30 31,66 1,24 58,25 78,74 23,85 0,34 26,8 38,5 84,29 99,71 61,71 56,1 29,58 71,91 21,69 81,27 20,36 12,80 30,49 90,26 33,74 8,47 67,62 7,94 49,91 37,19 63,78 64,97 11,50 94,20 79,30 73,77 15,88 
57: 91,84 44,41 51,58 32,78 86,26 29,34 75,44 55,41 92,46 80,39 40,86 48,5 70,26 16,97 93,58 54,39 50,26 47,0 83,75 98,73 99,20 95,15 13,9 30,38 26,69 77,37 53,77 35,66 8,49 81,7 65,22 56,19 72,82 28,90 68,23 74,80 3,80 59,42 84,71 14,80 97,52 17,6 11,81 63,34 43,43 60,4 52,52 5,10 88,64 31,87 36,92 89,17 4,44 27,25 96,72 57,50 71,57 82,88 90,61 38,19 24,86 64,34 85,69 42,31 73,54 41,3 69,4 34,19 23,57 7,47 9,68 25,35 46,27 58,32 66,85 1,53 18,72 10,56 76,32 37,0 15,84 12,8 79,32 62,9 67,77 21,82 49,4 2,6 94,49 33,50 6,52 19,88 61,33 0,40 22,8 20,25 87,75 78,78 39,44 45,17 
58: 38,33 54,43 14,64 53,85 49,12 19,86 63,17 91,60 40,52 83,12 62,15 8,68 32,63 96,75 22,34 55,89 36,84 5,28 12,70 47,12 67,82 79,62 81,71 26,63 48,83 66,11 52,28 39,70 82,76 99,40 56,16 85,44 7,78 89,30 57,60 29,71 37,75 78,93 69,27 65,88 27,65 93,36 42,31 73,66 9,17 13,94 20,76 58,24 11,10 88,0 51,56 28,81 80,17 35,39 4,43 0,83 16,71 71,60 64,61 72,75 97,31 90,92 45,50 30,22 95,76 23,65 24,26 34,90 77,70 70,7 46,59 59,40 6,91 76,55 33,91 75,26 2,60 43,74 1,42 41,72 86,20 44,95 87,62 94,36 15,50 21,48 61,7 10,99 31,43 25,8 68,46 17,78 74,24 92,13 50,94 60,76 18,52 98,66 3,9 84,64 
59: 63,16 62,35 89,21 79,97 88,87 11,88 94,76 97,97 40,86 84,3 52,51 34,52 83,0 76,56 27,20 45,99 87,55 0,44 1,54 3,1 19,94 73,71 77,94 16,16 10,4 42,39 48,95 39,42 23,92 81,93 75,36 66,97 17,68 38,5 59,26 85,63 9,53 15,83 93,27 86,91 6,75 55,39 65,79 72,68 80,6 60,44 47,24 49,53 7,24 20,64 12,79 35,16 90,6 41,7 99,71 53,56 71,60 69,18 24,66 95,82 18,66 43,70 91,98 30,61 82,50 26,9 58,27 92,71 2,18 74,54 31,61 68,23 14,43 46,74 5,50 21,79 78,9 96,31 50,85 36,51 28,51 37,29 8,21 70,22 51,86 22,0 33,71 56,29 44,93 61,66 13,55 57,57 32,54 25,49 98,37 54,91 67,29 4,26 29,96 64,3 
60: 24,15 49,41 10,92 87,68 80,97 12,0 48,69 47,50 21,95 54,26 88,16 17,20 92,20 20,84 2,3 74,44 15,69 32,48 23,78 77,66 60,15 76,97 39,89 35,70 73,51 31,11 57,51 26,25 98,25 40,52 65,9 43,83 68,12 16,60 30,64 0,65 3,11 72,16 95,90 99,72 50,9 37,80 6,21 11,1 81,90 9,33 4,58 75,96 71,38 91,76 51,21 5,33 38,81 7,27 22,36 94,37 63,72 66,30 45,28 8,23 83,23 53,57 56,25 34,81 79,63 62,51 58,91 52,61 29,87 78,38 84,62 14,25 70,74 36,79 90,11 28,59 42,38 64,16 18,0 67,71 41,36 25,0 96,62 61,63 46,83 86,67 93,61 1,54 55,85 69,94 85,70 97,88 13,86 33,21 59,60 82,25 19,43 27,25 44,64 89,81 
61: 33,51 3,62 18,21 0,48 11,89 24,95 59,34 4,64 8,33 40,37 80,51 43,18 5,28 96,66 13,74 63,58 35,81 48,29 84,40 36,55 49,11 46,18 93,89 2,84 34,79 44,91 97,69 20,55 87,20 41,29 47,22 95,91 32,91 76,88 98,28 86,98 27,31 69,83 75,28 79,50 94,45 37,9 83,94 12,38 55,12 77,12 56,8 14,44 64,67 42,50 66,37 58,25 21,12 45,40 26,77 54,51 90,71 23,22 71,15 51,20 9,93 89,63 7,33 10,88 73,30 82,81 70,96 65,88 30,53 67,92 50,72 62,50 1,39 39,34 81,67 17,4 15,72 52,85 6,21 19,54 38,36 60,36 61,37 72,95 31,1 91,14 28,96 53,84 78,5 85,60 16,55 99,88 25,87 74,61 68,4 57,58 29,12 92,34 22,91 88,32 
62: 50,32 40,70 39,88 19,97 68,14 20,32 77,21 75,63 27,39 79,76 63,63 70,71 59,62 90,82 17,73 74,24 47,76 94,63 37,3 65,7 73,79 32,61 95,83 0,0 80,16 11,33 64,30 4,77 9,32 89,87 38,40 44,63 92,14 71,22 29,85 2,34 35,6 23,38 55,40 13,20 1,57 25,69 97,72 36,72 91,92 67,1 15,69 21,77 66,24 78,25 84,86 24,38 30,14 41,89 83,53 99,56 85,32 3,84 22,74 61,76 58,16 81,53 54,56 18,63 28,85 42,92 34,21 52,77 88,84 46,35 6,34 8,38 87,43 93,10 86,1 16,10 69,53 72,56 43,46 7,14 60,87 33,67 10,56 56,99 53,54 82,73 12,18 48,81 49,13 51,8 14,23 76,0 31,12 5,41 96,44 62,85 45,30 98,24 26,98 57,25 
63: 1,26 25,70 53,81 60,73 84,90 34,89 67,11 98,63 73,13 57,55 0,65 50,9 52,30 83,50 94,30 27,20 86,48 51,74 22,46 78,56 88,36 95,77 5,31 19,28 99,46 43,45 56,40 7,98 85,11 6,86 32,64 47,2 41,10 71,42 79,45 46,19 63,70 69,7 87,60 24,89 66,91 68,90 90,4 49,23 91,55 35,67 17,85 39,56 72,78 75,50 59,72 76,47 64,19 13,94 96,5 36,65 3,20 21,22 62,67 74,18 48,2 26,76 12,25 93,3 9,46 92,65 31,56 97,45 15,57 70,51 54,97 11,52 42,29 58,74 16,53 55,17 82,61 33,57 28,33 61,88 38,77 44,8 30,55 29,83 14,9 40,25 80,6 89,37 77,61 81,95 65,91 45,92 8,22 20,91 4,93 18,2 23,81 10,41 37,34 2,30 
64: 8,55 86,60 19,73 76,2 80,59 33,35 41,35 50,99 44,34 23,21 47,91 63,77 18,93 74,43 91,96 81,29 71,14 66,31 43,1 7,25 57,15 65,40 26,65 94,26 34,22 69,75 28,20 92,79 78,79 20,27 14,10 4,7 12,7 17,39 11,80 48,91 84,11 40,76 6,10 54,53 13,47 42,47 35,98 9,11 70,41 37,87 95,68 3,46 1,0 5,55 31,69 90,80 55,97 46,56 68,16 56,69 72,63 27,44 77,18 38,72 59,8 51,82 87,10 88,58 60,25 62,13 2,73 89,24 36,2 64,6 21,38 85,25 52,27 10,31 16,31 39,87 30,41 49,95 75,88 15,5 82,66 93,12 98,90 58,67 24,25 0,29 25,67 97,52 29,88 83,29 61,80 79,24 32,49 96,40 45,39 73,94 53,10 22,64 67,23 99,2 
65: 83,89 19,75 60,74 88,38 6,85 78,99 3,7 18,29 25,14 59,23 61,48 41,52 8,66 28,1 32,7 86,26 90,67 76,12 55,25 77,99 91,43 93,12 54,75 64,41 75,36 80,82 81,99 51,63 0,65 9,68 68,73 48,91 82,35 62,70 79,25 26,93 17,19 53,10 5,29 4,57 87,37 96,4 69,39 66,38 37,44 16,16 11,27 74,44 7,1 38,87 49,95 84,68 72,27 13,77 20,38 42,34 95,33 31,6 22,64 94,95 10,64 63,71 44,40 58,70 29,74 52,13 33,35 99,72 35,96 56,84 73,57 43,57 2,90 24,83 36,31 39,82 23,6 45,6 46,66 65,96 89,60 57,91 98,20 30,80 97,2 21,91 47,43 40,23 92,98 67,89 27,54 34,55 1,97 70,22 14,79 85,60 15,14 50,66 71,40 12,47 
66: 13,18 98,86 26,50 45,15 97,61 8,82 47,1 32,35 15,45 95,71 63,3 94,42 55,61 4,58 48,88 87,9 46,33 91,14 3,87 23,8 64,46 28,52 79,41 72,42 75,50 74,94 34,92 52,6 37,46 41,13 16,36 76,58 35,78 25,92 50,46 57,44 80,38 61,57 30,15 0,22 73,54 1,70 65,63 68,36 49,63 54,37 51,60 69,48 93,69 77,89 53,59 83,61 88,57 42,36 89,34 85,36 84,60 82,3 19,69 86,87 71,85 90,26 18,28 58,61 20,57 21,75 33,83 67,42 38,15 12,70 31,24 62,41 70,4 22,65 78,79 24,54 96,10 5,43 39,62 44,13 56,5 27,31 36,47 11,15 59,85 81,95 92,14 60,59 6,72 43,16 40,34 9,39 7,68 10,24 99,13 66,99 14,88 2,29 17,12 29,63 
67: 67,28 1,53 6,5 60,69 35,65 58,71 40,10 34,79 79,92 14,93 47,29 59,58 81,39 23,21 65,18 77,45 57,5 98,12 38,55 62,24 22,39 68,49 73,46 92,88 87,84 93,96 17,88 54,76 71,68 33,22 20,0 31,7 30,42 69,9 2,5 7,44 18,95 51,95 74,64 3,52 89,41 70,24 36,41 41,34 16,36 78,4 96,27 15,63 32,60 4,93 12,45 25,20 90,70 97,95 19,97 42,72 86,56 9,60 83,70 27,6 21,64 66,51 52,11 61,90 39,58 82,65 26,85 45,90 28,84 55,87 95,64 24,46 8,14 29,51 80,94 0,23 94,30 5,78 10,89 11,62 88,84 75,60 56,75 84,55 50,28 46,33 43,96 13,85 53,25 37,34 63,76 48,43 44,85 64,18 99,18 91,52 85,19 49,36 76,82 72,85 
68: 98,99 1,73 0,21 20,84 34,37 43,96 76,93 63,70 69,28 28,70 32,55 66,71 4,75 15,23 44,73 83,58 95,78 53,18 78,73 12,53 57,34 77,84 14,54 65,19 85,20 8,9 42,57 81,27 64,31 97,53 37,63 72,65 61,15 62,31 26,89 29,73 59,43 67,73 33,7 99,83 27,96 50,78 74,12 93,53 30,93 5,64 38,51 3,40 96,0 45,31 9,66 92,49 40,61 11,9 46,16 19,59 68,0 87,27 52,24 24,45 58,29 82,57 84,83 51,71 90,1 23,53 80,2 91,12 47,89 6,34 88,2 79,7 31,15 17,42 55,74 25,7 49,23 41,91 39,49 16,26 71,40 73,78 60,55 70,19 86,87 94,62 2,88 10,77 22,60 21,43 48,62 7,46 36,81 54,65 13,43 89,93 35,57 56,2 75,35 18,20 
69: 85,44 34,22 42,25 15,28 44,22 21,27 74,91 18,14 32,94 57,28 80,26 37,84 90,93 23,41 88,23 78,98 56,2 82,61 91,3 7,70 24,21 4,17 51,57 60,49 96,41 39,2 98,64 11,75 58,32 28,53 29,66 50,1 9,91 69,2 36,29 71,56 77,1 0,72 26,4 17,76 20,13 68,74 16,85 10,51 84,99 49,67 12,0 38,70 81,37 31,78 30,81 66,18 46,79 75,6 5,44 33,47 73,27 67,43 55,25 54,92 1,56 45,82 35,73 65,79 83,6 43,5 63,86 6,34 14,38 47,34 76,49 79,27 59,58 41,78 70,4 92,37 86,7 3,20 89,33 2,94 97,45 8,16 27,15 93,78 53,42 40,17 87,4 62,60 13,33 99,84 22,99 95,60 19,17 25,66 94,57 61,11 72,29 64,59 52,83 48,94 
70: 21,71 38,48 10,13 47,12 61,99 71,50 86,92 7,13 14,62 23,63 81,38 2,55 15,35 41,73 46,73 60,90 75,85 77,33 6,79 26,83 35,77 13,74 49,76 58,97 17,80 25,59 32,38 0,12 89,57 33,51 59,39 72,17 76,38 22,34 96,62 63,27 74,2 16,37 57,1 44,25 73,90 51,9 52,44 68,99 5,17 29,90 9,0 54,37 78,26 64,39 69,70 87,38 24,49 83,97 27,40 37,40 67,5 98,83 42,77 28,80 82,21 99,62 12,24 45,74 20,86 53,16 92,92 43,68 19,61 30,82 18,63 40,44 90,56 97,3 56,53 1,33 93,16 8,1 3,61 36,16 62,85 85,67 55,18 65,54 88,62 48,33 70,50 94,85 80,37 31,74 91,35 50,68 11,77 95,8 34,82 66,32 4,57 79,1 84,60 39,42 
71: 27,50 60,52 54,99 65,47 3,50 39,22 63,77 56,99 93,22 23,51 86,57 45,18 78,26 59,55 92,22 75,4 81,9 32,88 94,91 99,95 20,37 74,2 38,85 18,95 12,93 30,49 85,83 17,98 79,28 35,95 40,91 13,69 88,95 46,92 64,52 61,47 19,41 9,27 43,4 8,5 22,38 50,36 41,5 36,25 57,90 95,19 15,24 76,15 47,40 14,57 84,84 34,5 66,81 67,12 71,83 28,98 89,84 82,80 33,63 97,33 16,87 25,29 62,54 21,31 4,17 11,5 29,80 58,82 80,57 98,68 24,58 87,14 51,6 96,76 44,78 6,19 69,75 77,7 7,32 70,0 0,15 37,77 91,73 83,21 72,41 1,36 53,74 2,22 73,75 5,58 55,79 10,74 26,49 42,81 90,13 31,49 68,22 52,68 48,58 49,69 
72: 44,65 88,0 50,77 97,97 99,98 89,76 51,90 34,13 56,90 40,42 19,45 49,65 41,56 61,62 87,2 86,54 32,81 36,62 69,11 12,82 53,17 75,5 21,22 31,98 48,33 94,9 77,18 62,36 72,59 63,93 95,68 90,4 13,11 8,0 0,73 98,77 18,38 26,48 33,20 39,6 20,94 37,63 85,80 28,59 46,21 65,39 7,94 11,74 84,40 17,68 5,27 91,9 23,61 45,13 57,41 71,34 92,75 15,22 82,64 27,50 64,20 22,17 60,75 29,24 9,45 14,91 93,72 70,98 16,78 83,50 54,42 52,25 24,91 25,67 80,17 67,28 73,38 1,67 78,34 4,8 96,33 55,63 2,20 66,79 79,80 42,67 81,56 47,72 38,77 6,97 68,51 59,3 76,21 10,51 58,49 43,4 35,47 74,93 3,64 30,28 
73: 89,71 22,38 82,7 93,63 97,96 0,98 10,45 48,35 96,77 7,42 81,53 95,30 76,36 1,86 75,22 71,14 5,7 80,33 86,84 26,20 87,57 33,95 53,50 72,16 46,93 58,66 43,48 29,16 8,27 41,91 64,5 44,76 18,74 67,96 54,41 91,49 36,36 17,25 35,25 13,42 84,99 42,29 56,3 37,7 83,51 63,91 4,2 49,43 60,24 38,56 51,65 98,36 45,53 73,89 3,15 99,40 23,78 2,28 66,33 70,59 74,78 52,43 69,94 30,85 12,31 50,45 24,64 21,87 68,45 14,82 88,14 39,21 85,23 27,91 55,69 40,8 77,84 79,10 92,78 78,99 28,26 59,97 90,40 57,90 6,2 34,82 47,59 25,29 15,7 20,89 32,1 65,42 19,39 11,55 62,98 9,87 16,54 31,0 61,61 94,44 
74: 7,97 15,42 6,19 89,80 2,69 31,45 23,1 91,80 28,9 3,97 24,80 56,49 59,22 38,43 77,24 46,86 81,92 9,49 45,83 75,23 79,52 14,62 17,75 61,84 47,74 50,16 73,61 16,52 83,24 37,54 93,23 72,0 8,5 66,52 94,5 10,65 70,99 22,6 76,96 64,47 71,0 13,35 57,20 54,6 29,4 92,38 43,74 58,32 30,37 96,90 18,64 95,86 40,20 86,38 97,64 60,85 44,34 65,56 49,69 12,70 11,79 67,28 33,13 84,66 51,49 20,99 63,6 27,92 41,70 85,46 53,30 32,74 39,51 82,95 34,37 35,43 0,58 19,14 80,9 98,10 69,19 90,17 26,40 62,59 52,57 99,57 5,83 42,57 36,43 25,33 21,99 88,63 48,10 78,6 1,13 55,25 74,64 4,39 68,7 87,33 
75: 4,49 49,32 95,63 59,9 77,89 86,69 70,47 10,49 55,98 56,81 62,28 66,77 79,17 39,57 22,32 20,82 94,4 32,34 69,13 8,97 34,77 18,57 19,77 67,91 35,2 27,31 57,52 24,86 13,45 81,75 7,83 11,68 41,23 72,13 25,48 96,85 5,33 37,31 31,40 92,66 97,92 0,55 53,47 98,29 15,45 58,56 68,47 91,68 54,56 84,42 93,1 45,68 36,95 42,71 61,95 63,65 1,81 88,20 2,27 17,33 87,33 16,58 33,43 50,63 6,38 73,77 29,50 75,39 78,13 71,67 21,44 44,56 80,64 48,18 47,71 38,83 23,28 12,20 85,83 89,78 26,96 52,65 64,16 74,65 30,23 9,22 65,30 3,24 46,74 14,89 99,63 82,3 60,85 40,84 28,88 43,86 90,74 76,11 83,61 51,81 
76: 40,21 84,76 7,44 32,33 26,27 54,6 64,45 59,30 5,50 34,91 49,34 82,18 53,10 66,18 88,54 0,69 61,67 63,12 14,49 80,12 71,85 10,78 27,44 31,1 94,29 79,39 78,72 52,45 45,19 74,20 58,70 95,74 42,56 77,27 92,1 39,59 9,32 60,65 33,5 57,57 28,0 16,90 69,48 38,80 50,67 18,45 29,60 35,1 89,19 13,26 55,17 25,34 20,62 98,55 19,85 41,1 23,53 36,52 86,70 30,81 47,41 17,48 97,52 73,48 65,41 90,70 12,90 96,72 15,35 48,71 6,54 11,0 70,35 99,82 43,85 72,84 44,87 68,25 56,9 46,96 8,78 93,63 24,83 85,53 81,24 2,47 37,84 62,28 87,0 83,81 3,45 76,31 1,71 75,60 21,54 67,85 91,59 4,74 22,10 51,86 
77: 82,56 55,64 22,32 59,4 81,5 78,90 66,55 80,15 98,14 31,20 15,61 32,2 8,53 23,94 61,38 45,51 76,70 27,78 10,66 42,51 75,27 64,37 40,77 65,11 3,79 21,65 20,72 67,40 70,92 33,60 13,76 41,32 35,12 74,91 90,94 12,60 9,45 89,64 91,35 37,33 63,55 72,75 24,35 58,91 57,55 83,61 7,80 69,36 84,19 88,96 36,52 29,73 11,55 28,42 16,88 44,99 95,56 87,54 1,81 6,72 56,53 93,62 73,11 2,5 71,80 79,55 97,55 43,96 53,79 30,24 39,48 5,30 38,34 19,56 0,53 52,11 25,83 62,26 50,79 48,16 60,59 17,17 4,91 49,53 26,23 86,36 77,33 51,35 47,1 92,94 94,54 68,24 54,52 14,90 46,47 96,42 99,9 85,71 18,57 34,83 
78: 0,7 22,69 27,8 32,44 68,66 96,45 35,2 4,30 63,23 11,40 82,90 24,31 74,53 41,28 49,96 94,64 7,95 33,4 77,41 12,35 57,83 83,84 14,82 52,82 59,2 31,77 87,43 10,76 55,0 19,85 58,1 23,63 36,60 38,13 40,1 84,4 34,45 20,12 47,42 81,65 13,89 76,81 15,15 45,41 98,49 79,14 37,4 62,90 28,95 3,50 21,43 54,9 17,81 2,53 66,97 70,56 18,96 73,30 26,91 39,48 89,39 46,42 85,57 16,87 8,75 60,13 30,85 44,74 80,94 93,93 99,21 91,51 42,52 65,52 78,56 86,47 1,50 88,60 61,1 5,36 75,47 67,94 97,5 69,87 71,32 64,56 95,18 92,89 56,33 51,98 29,69 53,39 90,72 6,0 25,12 43,45 50,47 9,15 72,12 48,45 
79: 29,58 85,35 45,99 48,27 99,3 20,11 77,11 81,42 0,58 12,83 49,54 89,68 92,6 91,79 46,17 96,86 75,91 37,70 72,99 74,42 25,87 86,61 73,25 34,46 39,87 68,15 55,3 11,34 84,52 93,26 69,23 52,69 17,9 22,25 19,23 24,47 51,33 94,18 61,86 15,99 56,38 32,81 43,59 57,53 87,16 26,27 36,34 59,58 4,87 30,99 27,12 66,24 8,31 23,53 2,18 67,78 5,39 18,96 31,55 21,7 3,30 35,18 78,37 28,91 44,94 71,30 90,12 6,50 95,56 33,16 9,90 38,52 97,68 16,30 47,44 65,95 13,87 88,59 50,53 42,37 80,73 40,55 64,14 54,73 58,49 70,54 76,1 63,9 60,74 10,12 14,79 79,54 82,81 53,79 1,24 83,99 7,63 62,18 98,26 41,12 
80: 17,71 41,14 74,34 61,41 86,89 49,47 82,51 40,11 68,59 98,48 6,35 77,91 79,64 31,64 90,7 48,18 66,1 83,72 39,19 88,98 10,35 4,72 23,44 78,53 42,92 70,16 8,99 47,54 46,15 35,33 45,11 95,59 37,43 21,13 1,31 19,67 84,34 0,10 20,26 65,68 63,39 28,64 24,7 44,7 57,96 91,95 87,0 55,79 9,80 15,82 29,16 97,52 38,62 2,65 36,58 32,22 85,50 16,67 3,63 71,17 34,84 11,22 81,92 99,42 33,56 25,41 93,49 58,59 80,67 51,12 75,41 60,93 62,62 64,71 13,72 50,76 59,95 30,66 73,42 52,1 22,0 27,21 56,30 69,70 43,33 92,21 14,95 67,16 26,25 5,37 18,72 96,56 7,34 94,95 72,5 89,81 54,30 12,66 76,78 53,86 
81: 43,4 86,37 42,46 66,99 12,19 0,3 91,73 67,62 77,26 80,28 70,28 38,30 26,31 53,42 90,60 29,16 94,41 52,64 51,11 44,60 34,58 13,42 36,61 40,78 1,30 28,1 32,48 19,79 11,28 17,76 25,89 18,62 45,90 82,4 15,45 63,85 10,6 57,30 59,43 65,3 21,18 4,79 98,49 93,35 76,80 61,18 2,71 33,41 81,14 89,12 74,51 48,79 79,67 35,7 50,63 56,93 20,30 62,6 60,8 71,90 49,74 47,62 64,65 5,76 72,91 3,63 6,25 41,16 37,29 75,85 54,19 55,11 68,23 95,10 22,87 46,3 87,76 31,46 14,48 7,55 58,15 88,37 69,41 39,88 92,61 99,10 73,95 85,48 83,40 30,81 84,72 23,10 9,21 16,36 27,21 78,56 8,53 97,16 24,3 96,59 
82: 19,89 96,12 46,62 58,23 26,35 22,82 72,45 14,65 47,26 5,77 35,42 44,64 60,68 82,65 20,1 83,62 90,5 9,55 29,3 21,40 94,76 15,33 13,83 30,70 67,72 53,20 78,44 59,2 27,71 36,58 65,0 24,4 0,14 18,79 38,42 69,49 97,35 33,67 34,88 11,42 79,23 25,15 16,5 37,37 28,44 80,59 3,49 56,79 71,92 54,36 57,57 73,79 8,16 51,14 81,14 41,22 66,54 95,68 6,23 32,15 1,30 77,4 61,85 64,27 63,20 2,57 99,76 17,52 39,17 45,1 55,85 89,68 10,45 87,90 23,89 52,39 92,1 68,39 84,58 12,12 49,57 48,13 74,58 31,87 86,71 98,57 76,72 40,2 43,62 42,41 88,33 91,28 75,40 50,33 4,81 7,81 85,8 62,63 70,33 93,36 
83: 63,99 10,32 18,88 48,32 86,43 82,53 17,20 23,47 22,38 69,28 2,17 85,4 55,24 24,19 26,79 53,14 60,80 40,83 71,45 4,0 19,78 52,41 3,74 37,42 61,68 51,82 25,86 88,68 50,65 57,40 15,93 94,80 72,64 30,16 98,85 28,66 49,30 41,3 9,11 6,88 11,63 65,60 29,55 78,77 16,11 84,99 67,15 70,60 76,62 58,82 56,15 75,38 89,61 68,83 36,67 74,93 54,75 79,99 97,91 34,85 38,51 27,7 77,17 90,74 59,52 64,79 1,7 99,22 31,36 73,58 92,96 45,16 35,26 81,59 12,59 32,26 7,31 66,34 5,90 43,28 20,38 93,72 21,24 46,26 96,45 44,85 33,6 62,84 83,70 13,19 8,35 42,60 80,31 95,93 39,32 0,76 47,10 14,31 87,58 91,72 
84: 63,55 3,34 94,33 29,25 42,13 50,85 39,1 26,2 51,91 89,84 25,0 41,25 60,96 81,91 33,98 43,41 7,97 90,77 74,43 27,77 92,20 20,79 45,94 8,8 78,5 46,23 64,65 87,11 47,64 58,79 91,73 97,88 17,3 44,62 56,44 6,64 37,57 49,21 73,63 14,71 35,84 77,21 83,27 5,0 57,35 61,67 84,94 30,36 18,43 80,76 66,86 79,75 82,96 86,1 71,88 13,43 68,28 95,52 4,52 62,24 75,30 65,80 22,57 85,87 12,45 21,86 16,69 99,76 34,67 24,17 98,14 70,97 2,87 52,5 31,34 19,26 9,33 11,47 67,65 54,11 36,69 48,83 1,30 40,48 93,87 0,54 10,1 15,77 28,62 72,2 38,30 55,5 59,25 96,38 53,47 76,64 23,70 32,38 69,9 88,34 
85: 76,24 10,25 36,60 80,20 53,46 20,95 89,70 3,57 56,38 16,80 32,62 42,26 54,95 67,46 22,7 9,58 60,86 0,94 21,39 44,63 63,38 75,8 37,44 71,16 92,36 61,11 2,51 30,45 6,79 7,87 35,17 72,44 40,10 84,80 5,58 69,10 78,73 86,21 8,74 90,1 12,30 4,48 74,3 27,40 98,60 73,11 62,49 15,76 79,23 55,52 41,42 93,44 38,8 48,57 58,53 97,32 11,49 46,1 17,20 19,22 94,95 95,39 77,41 51,22 14,59 70,36 91,62 81,98 39,70 85,65 50,25 64,42 66,60 88,94 23,8 47,41 25,80 31,64 99,96 59,32 65,8 18,54 43,4 45,28 57,72 68,83 96,50 49,41 52,84 34,72 13,72 28,73 1,42 87,13 82,10 24,95 29,25 83,31 26,22 33,85 
86: 78,95 62,72 31,34 95,58 15,37 3,26 6,59 48,55 69,78 47,58 30,0 24,72 58,19 66,4 51,32 38,6 45,22 79,61 57,14 13,27 39,85 64,39 92,18 67,58 52,78 96,14 84,92 74,0 9,84 87,50 10,44 27,15 99,79 53,85 83,56 82,72 8,53 88,59 61,24 2,96 60,3 14,70 72,88 42,86 91,25 18,63 90,32 55,62 11,65 22,55 12,34 80,46 16,7 85,31 37,25 73,46 97,43 26,17 36,65 86,64 29,26 65,74 32,8 75,55 98,6 20,18 44,11 35,90 43,52 23,16 63,19 46,82 41,2 71,77 5,35 68,60 89,75 77,99 93,95 21,4 70,69 49,13 17,62 7,64 76,43 25,33 0,21 19,8 81,66 54,84 33,55 94,11 4,12 50,91 28,8 56,23 59,18 40,71 34,41 1,38 
87: 34,84 17,3 85,30 49,25 59,6 57,23 24,0 42,43 16,69 3,65 7,40 67,41 86,58 22,96 88,44 47,70 28,19 72,33 63,87 74,23 90,74 5,39 70,8 87,60 80,61 96,60 62,70 23,26 65,55 56,70 0,33 1,76 13,5 54,96 64,13 91,16 76,79 92,96 66,90 41,37 31,15 51,70 68,33 9,90 98,87 71,13 53,39 14,73 19,68 83,99 48,14 55,83 39,88 8,76 12,42 40,14 4,59 26,18 37,83 21,10 35,23 78,69 11,53 36,2 45,0 61,3 81,57 93,0 75,97 79,90 18,60 29,38 27,51 44,43 50,45 95,7 15,91 52,88 20,58 33,16 60,61 77,97 73,42 69,74 38,37 46,98 89,78 2,7 10,21 99,87 94,88 30,28 32,27 6,68 43,81 58,36 82,40 84,56 25,59 97,65 
88: 67,42 71,79 22,61 56,6 54,24 63,90 84,31 37,66 83,27 68,83 32,25 51,98 48,4 62,27 90,50 81,82 49,64 69,59 40,49 43,75 29,53 96,8 39,89 0,95 11,78 86,36 13,32 27,2 50,11 77,89 25,32 60,76 2,53 74,47 55,70 41,96 1,40 8,21 36,60 76,34 10,97 3,40 26,7 45,43 4,4 57,86 46,98 21,22 93,17 52,3 58,91 61,62 59,85 73,62 20,51 23,44 99,90 64,83 31,68 34,80 91,9 70,30 12,91 47,69 19,20 35,68 65,71 80,0 9,32 16,43 95,14 7,58 44,75 15,64 87,45 28,70 24,34 89,53 94,43 5,90 18,89 82,11 42,56 78,70 92,34 6,42 97,51 30,55 72,16 88,88 79,29 14,80 38,39 53,36 85,1 98,49 75,25 17,55 33,96 66,43 
89: 37,93 0,68 47,91 84,32 41,28 32,80 50,4 55,89 40,68 21,74 62,84 29,91 5,67 91,25 22,10 77,70 52,3 80,21 7,88 31,56 48,59 51,99 85,4 95,8 10,28 15,91 98,76 11,84 82,61 49,31 57,11 16,65 24,20 83,16 76,57 44,3 30,10 54,21 38,0 2,42 87,80 8,52 71,4 74,19 96,53 63,83 64,27 88,50 70,10 27,58 67,78 81,86 60,22 66,67 39,62 23,57 78,69 26,27 45,25 35,82 92,2 3,69 94,52 68,63 69,39 42,29 56,74 59,34 9,77 12,31 36,81 99,72 53,19 33,41 61,4 72,89 58,4 13,67 17,49 19,52 6,27 86,91 18,5 28,82 20,24 75,22 93,47 97,4 46,16 4,96 90,86 1,65 65,35 14,13 89,83 79,4 43,55 34,96 73,24 25,4 
90: 75,18 24,22 17,69 25,7 22,97 34,52 18,89 32,4 63,12 61,96 79,64 31,85 0,58 62,64 58,24 91,61 9,62 57,22 53,51 76,92 29,17 14,96 48,12 26,53 51,86 11,50 92,40 5,69 66,78 67,77 59,92 88,61 7,65 90,57 83,36 15,55 16,43 19,29 42,65 99,25 84,36 21,59 69,44 81,96 2,0 55,49 64,93 33,23 70,31 6,34 96,32 56,55 37,79 82,76 40,20 80,23 73,85 87,50 71,7 46,91 95,75 12,64 45,0 8,23 20,29 74,54 44,53 52,39 93,95 43,86 39,29 77,87 86,72 60,13 65,0 30,86 47,92 35,33 4,47 78,21 85,57 1,67 72,31 10,35 28,99 94,81 3,44 68,18 38,42 27,7 36,94 13,53 41,97 98,74 23,77 89,65 50,60 49,74 97,52 54,1 
91: 2,10 94,7 41,78 26,31 83,87 28,7 14,2 91,52 68,39 9,23 0,54 8,35 20,71 31,59 27,18 81,50 11,28 34,5 60,87 85,42 65,26 23,95 58,90 53,95 15,71 45,6 87,76 75,38 18,91 92,53 25,61 90,16 71,24 64,37 32,72 4,47 16,91 35,34 86,82 56,49 80,90 93,81 7,2 12,40 70,87 44,86 47,51 67,47 79,4 59,49 89,3 22,76 13,9 37,57 5,10 30,51 97,21 38,77 17,17 43,26 33,21 98,98 10,76 78,95 50,70 36,96 63,51 69,35 48,48 54,65 82,27 74,38 76,23 3,35 46,81 51,54 73,82 1,21 62,21 61,2 57,66 95,56 40,22 39,13 49,52 55,85 6,91 19,85 24,15 42,66 52,67 99,75 72,36 77,88 21,14 66,88 84,26 96,95 29,7 88,60 
92: 62,99 90,26 69,26 46,52 60,27 11,95 2,17 4,41 80,63 99,81 42,59 98,4 83,22 92,34 10,59 82,68 18,99 51,18 74,31 72,94 66,78 44,19 67,19 16,86 26,24 30,3 87,56 21,9 15,99 7,18 43,11 94,61 14,5 1,81 97,68 61,74 45,52 53,88 3,14 20,98 31,50 52,78 73,85 57,31 85,72 12,16 34,5 77,39 33,54 19,2 70,84 95,49 91,30 63,27 28,88 68,60 9,58 89,79 25,66 29,34 55,45 0,49 13,62 36,2 58,87 81,27 54,34 40,20 41,58 48,40 75,36 32,99 49,36 39,95 65,77 93,82 64,1 76,67 50,78 24,91 78,83 84,86 35,9 96,6 8,98 47,90 23,8 22,69 37,47 27,44 79,12 6,67 17,85 88,94 5,54 86,50 59,45 56,73 38,67 71,52 
93: 67,73 73,80 58,77 66,11 68,65 6,44 69,55 30,72 24,22 13,42 75,31 48,21 65,94 55,35 54,97 46,37 86,96 59,31 71,52 18,11 63,7 91,44 98,60 56,60 79,69 94,57 21,46 9,66 57,8 72,23 88,17 39,59 41,55 99,71 77,9 16,80 26,52 33,17 53,73 25,11 62,43 96,73 81,34 34,6 36,23 97,42 5,63 90,81 8,63 40,19 93,5 76,43 23,3 35,25 4,19 10,45 80,34 60,78 70,41 84,84 42,27 78,96 44,62 27,21 50,52 49,44 74,19 64,34 61,34 43,37 14,82 95,42 31,13 45,30 11,5 47,63 82,18 85,83 92,8 87,75 89,0 51,11 29,13 37,35 22,13 15,30 38,3 28,4 1,8 0,16 3,87 52,95 83,52 7,36 12,24 17,43 19,93 2,50 32,8 20,74 
94: 78,23 3,55 39,19 99,36 97,74 57,58 23,27 73,90 0,68 52,83 59,61 17,10 96,95 8,1 18,76 67,55 33,43 14,78 29,74 89,16 51,44 49,57 53,55 21,18 48,80 45,40 84,77 36,81 54,92 30,78 62,20 13,90 43,42 34,50 87,17 86,16 63,55 55,7 16,66 82,89 66,0 20,55 2,95 9,70 90,75 10,16 95,44 38,32 42,51 70,5 35,41 91,80 85,21 46,31 80,38 12,62 64,49 50,48 93,44 22,62 41,21 69,4 44,53 79,13 47,90 92,97 24,25 31,64 60,45 37,68 6,21 5,91 56,34 7,53 74,55 19,81 27,84 83,28 98,97 77,81 58,72 28,84 26,82 88,31 11,51 75,56 1,14 65,16 15,69 32,73 71,42 4,95 81,73 25,89 76,43 40,47 72,52 94,80 68,50 61,64 
95: 82,61 20,7 23,13 25,75 17,16 92,22 86,89 44,9 60,70 75,1 9,92 59,9 0,88 21,61 89,51 50,88 99,31 76,98 5,48 61,8 4,75 65,12 66,86 15,26 33,34 29,74 84,89 19,7 16,0 46,94 80,0 91,88 67,58 10,62 62,42 42,31 90,35 69,61 28,99 30,36 71,83 3,99 37,34 93,86 85,15 11,63 87,64 56,64 81,49 1,83 83,48 57,16 64,51 14,33 35,38 53,49 49,69 13,47 98,29 70,70 96,44 79,46 78,10 31,27 94,80 52,66 40,36 6,34 2,64 95,85 7,83 8,19 34,11 68,95 12,25 41,52 73,54 22,49 54,48 63,10 88,99 27,80 55,53 58,62 77,94 97,37 38,84 45,10 18,19 36,57 39,67 72,96 51,34 48,65 24,30 74,54 47,38 32,1 26,13 43,28 
96: 69,28 54,53 93,63 23,23 77,81 63,49 11,30 65,15 68,89 72,3 36,50 5,48 7,36 19,0 29,87 50,54 88,15 31,94 90,41 70,51 84,31 76,63 58,34 18,4 3,72 1,40 42,87 74,41 30,82 35,10 59,51 64,27 2,22 45,5 91,21 41,23 48,76 96,13 95,80 10,80 27,25 40,66 56,9 82,18 53,87 85,24 8,7 47,1 25,79 57,15 4,31 55,69 51,58 49,58 94,11 86,95 46,11 20,29 92,43 22,26 62,74 13,91 99,64 89,98 0,98 21,26 80,42 38,88 78,43 26,27 15,81 81,12 79,88 34,21 16,26 60,21 87,40 32,37 43,98 33,37 83,85 37,81 98,44 17,16 52,6 73,37 61,87 67,23 97,36 14,49 28,7 44,80 71,89 9,1 39,55 24,20 66,96 12,53 6,6 75,93 
97: 85,24 99,0 37,56 50,41 66,6 5,61 62,86 48,31 20,67 75,23 7,89 35,16 29,73 44,53 72,22 38,33 1,97 4,21 95,56 86,17 53,59 80,73 63,67 0,83 89,0 32,84 88,57 74,41 61,77 84,37 52,79 13,7 39,51 79,8 12,73 94,60 69,48 60,33 57,88 97,52 34,14 49,24 10,82 78,48 71,97 36,82 41,44 64,61 87,76 14,87 24,69 43,78 77,37 92,74 23,12 17,32 22,72 46,82 96,3 40,75 30,13 76,25 9,32 68,28 2,52 51,94 18,30 70,40 42,81 58,74 93,86 82,29 27,59 65,98 56,85 25,69 15,12 83,89 54,75 31,15 8,58 3,58 91,94 59,59 45,28 21,7 26,55 33,89 90,10 11,65 73,40 28,84 55,21 67,79 16,38 81,21 6,35 47,55 19,37 98,40 
98: 11,44 53,72 83,56 16,36 21,60 39,69 77,7 97,52 63,92 79,25 17,91 3,57 8,55 40,72 87,80 68,84 70,39 95,73 37,40 5,91 66,24 20,90 86,0 62,88 32,77 71,73 84,41 1,65 43,35 49,62 29,2 22,66 44,53 12,32 50,50 9,48 15,39 45,70 74,55 7,37 72,67 80,74 90,37 28,75 51,0 0,43 27,90 54,55 10,49 36,59 42,61 6,12 75,58 25,58 24,15 58,71 30,26 14,29 81,19 88,75 91,0 35,62 78,20 34,45 61,46 41,96 64,42 26,70 65,40 73,1 60,71 19,16 76,89 46,68 4,90 59,94 57,56 85,54 89,59 18,87 94,68 2,4 93,72 38,73 52,60 96,98 98,61 69,46 99,99 23,31 67,89 13,79 47,24 48,90 55,19 92,85 82,86 33,73 31,14 56,17 
99: 16,5 46,82 7,69 99,99 31,24 51,46 92,37 20,97 52,70 35,59 40,43 66,14 74,78 11,64 19,75 86,90 8,0 84,33 48,3 95,70 75,67 80,21 53,20 37,61 82,17 87,40 59,31 43,20 73,22 96,71 4,14 57,10 10,19 39,75 69,14 23,50 29,61 76,6 49,62 1,75 32,33 44,51 65,21 33,65 24,51 67,52 28,0 18,0 45,91 0,82 36,47 38,72 85,71 25,39 21,37 55,34 61,22 62,82 93,40 60,94 26,11 14,55 83,11 9,35 54,18 77,41 3,45 50,68 97,62 89,30 71,45 94,52 68,74 63,32 81,16 13,41 88,50 2,79 41,98 34,92 15,73 30,0 70,73 27,34 17,47 78,0 6,74 91,41 64,31 58,91 22,20 42,42 47,94 90,71 79,85 12,3 56,40 72,6 98,95 5,13 

A shortest path in the maze
Path Length: 4
Path Cost: 5
Path: 0 12 96 19 99
real 0.13
user 0.39
sys 0.01
