A graph representing a maze
0: 80,7 60,5 68,2 1,5 15,5 88,5 34,2 50,3 96,5 39,6 41,7 92,3 43,1 93,3 94,1 69,3 14,9 65,8 16,2 33,4 70,9 73,5 30,4 58,0 18,2 76,0 7,2 26,0 19,7 12,4 49,4 79,7 20,4 38,6 61,2 36,6 91,1 8,8 71,0 97,3 6,2 40,1 98,2 75,1 42,6 90,6 
1: 60,1 69,7 27,9 
2: 10,4 12,2 61,7 0,8 7,4 34,6 54,8 21,6 22,5 25,8 62,2 
3: 8,8 94,3 
4: 76,8 63,1 41,8 30,7 69,3 37,5 29,1 82,7 23,7 72,3 45,0 66,9 8,2 21,3 48,4 67,3 43,9 33,8 78,3 90,3 22,0 42,1 55,9 73,8 13,2 39,6 16,4 31,8 80,4 6,8 88,7 
5: 47,9 45,7 5,0 1,6 
6: 76,4 58,8 95,1 75,7 74,7 55,5 24,4 25,0 31,7 
7: 99,4 22,9 24,4 
8: 23,0 46,4 92,0 41,9 0,6 59,6 15,0 91,2 
9: 46,8 
10: 23,1 
11: 42,7 58,4 
12: 45,7 12,5 18,8 20,2 62,8 19,3 60,5 11,3 16,6 65,5 4,7 43,6 21,8 85,8 66,7 6,1 77,0 
13: 23,8 70,7 58,0 51,8 87,7 73,0 31,6 32,4 56,4 57,0 25,5 84,6 1,3 
14: 
15: 37,7 94,4 98,5 27,4 68,2 77,2 86,0 96,5 87,9 22,6 2,0 45,9 5,3 99,2 6,1 72,6 95,2 38,8 67,6 
16: 98,7 66,6 4,0 18,0 
17: 7,8 30,2 86,0 41,3 96,0 36,8 87,3 
18: 50,8 27,5 25,2 90,0 95,9 9,9 48,7 40,1 89,2 10,7 52,9 11,5 56,3 93,0 
19: 81,1 14,4 36,4 44,8 64,9 63,9 38,8 80,1 3,8 
20: 26,8 56,5 59,1 22,9 
21: 9,7 
22: 91,2 48,5 60,7 
23: 4,0 35,7 86,2 41,5 39,8 37,9 66,1 77,1 34,2 93,3 72,4 
24: 50,2 7,9 29,9 68,7 41,9 71,0 26,6 8,1 36,4 
25: 7,8 12,2 13,5 50,7 25,7 34,8 2,0 63,2 18,4 31,5 23,8 52,1 11,3 51,8 82,8 44,8 38,7 55,4 65,4 68,4 33,5 89,0 84,7 28,7 29,9 27,3 32,8 92,3 69,1 10,8 90,1 
26: 18,7 86,0 39,4 98,3 69,6 65,2 46,1 19,7 20,8 67,6 52,2 40,0 97,2 96,4 41,2 44,8 5,1 76,6 6,3 59,3 42,3 15,5 21,8 45,4 64,0 24,1 7,8 
27: 59,6 17,0 67,0 
28: 93,8 
29: 14,6 
30: 20,5 50,0 9,0 17,7 
31: 
32: 47,9 
33: 
34: 46,4 3,9 55,6 74,2 42,7 61,8 95,8 89,1 93,9 65,4 38,6 70,2 49,8 36,7 29,0 50,2 26,4 22,4 35,7 64,5 79,6 87,4 43,9 40,6 0,2 44,0 6,9 54,2 27,8 51,9 5,5 39,1 7,0 41,9 52,6 92,7 
35: 58,9 89,7 
36: 23,2 32,3 33,8 69,7 36,1 14,1 54,6 
37: 24,2 87,1 9,8 34,2 36,6 37,5 12,3 88,0 94,8 50,9 
38: 25,3 1,8 27,4 77,0 61,8 89,5 14,4 
39: 13,9 17,8 43,9 10,9 14,9 32,6 47,4 79,5 
40: 55,1 
41: 59,4 11,1 3,7 7,0 
42: 0,8 40,1 67,5 36,5 
43: 6,0 64,1 85,8 45,3 89,7 74,6 87,7 53,9 73,7 5,2 82,8 76,8 36,2 1,6 20,9 
44: 42,0 
45: 24,6 25,2 60,1 70,3 
46: 12,4 92,6 91,4 14,8 0,4 11,1 63,5 13,4 16,0 99,4 35,9 2,0 18,7 71,3 98,8 40,0 83,6 33,8 77,4 21,2 51,3 93,6 34,9 55,3 89,7 
47: 40,0 97,2 20,4 77,3 22,8 19,8 50,5 
48: 94,8 36,1 23,2 60,2 72,0 73,9 45,4 
49: 96,0 35,1 80,6 20,1 47,3 90,1 92,8 79,8 95,3 30,4 70,3 82,5 60,6 54,0 26,6 87,2 86,9 83,2 69,4 18,4 13,2 28,7 21,4 25,3 65,4 81,3 99,2 24,7 97,9 48,0 88,1 68,8 19,3 27,5 61,1 89,3 32,5 31,6 
50: 25,7 44,0 98,0 
51: 72,9 6,3 43,5 45,9 12,2 98,7 
52: 21,0 64,4 92,2 56,0 1,5 59,9 13,3 
53: 96,1 52,6 15,6 48,2 97,7 45,2 83,7 56,7 71,6 30,8 88,9 57,6 9,4 63,1 16,8 22,7 64,9 18,7 17,0 23,3 49,8 10,2 31,6 66,2 20,5 62,6 47,0 55,2 41,7 
54: 16,5 96,5 95,0 74,1 2,6 17,3 47,4 11,3 31,4 48,4 22,4 
55: 70,9 14,0 9,8 73,1 68,1 13,4 40,8 45,2 93,7 71,4 87,0 39,2 42,5 
56: 66,2 79,2 34,5 1,6 41,0 14,2 21,2 76,3 54,7 9,5 
57: 91,2 
58: 27,9 94,0 29,4 
59: 59,0 
60: 40,1 58,4 51,4 31,6 54,4 72,2 47,1 50,1 
61: 30,9 12,0 35,9 94,4 20,3 50,5 54,1 93,7 74,7 49,0 48,1 14,4 62,7 75,5 77,2 70,4 
62: 77,7 94,5 9,4 28,1 64,1 90,9 51,7 65,3 44,6 75,2 
63: 21,0 55,5 40,8 22,6 45,2 14,7 30,3 66,0 35,8 52,6 91,0 26,6 84,9 88,0 24,4 51,9 74,6 5,4 32,6 36,6 15,5 62,2 
64: 76,9 14,1 60,8 74,9 23,2 7,5 33,4 97,8 3,3 32,2 90,0 82,8 87,5 88,9 96,1 20,9 38,2 45,4 95,5 68,3 42,2 9,1 64,3 89,2 47,1 8,5 98,0 30,5 35,5 93,8 21,0 44,6 34,4 
65: 9,4 84,9 23,0 7,9 37,5 77,8 29,3 62,2 95,1 28,5 64,9 85,9 5,6 99,6 57,0 
66: 82,0 3,9 91,0 56,5 75,0 93,5 
67: 4,0 25,4 11,8 95,9 
68: 4,5 
69: 83,5 37,1 14,7 93,9 73,6 57,7 15,0 51,7 5,2 55,5 24,0 41,3 
70: 88,4 79,4 2,1 20,7 63,6 71,6 53,9 
71: 81,4 
72: 
73: 66,1 77,7 69,6 84,3 19,9 4,5 91,6 81,5 9,0 70,5 12,3 23,1 64,6 39,2 16,8 18,0 85,9 36,2 73,0 27,1 24,6 92,1 
74: 25,0 19,6 33,2 82,2 60,2 93,7 99,3 17,6 90,6 89,7 61,6 7,1 48,2 16,1 39,5 24,3 8,2 9,3 67,5 94,4 
75: 40,6 55,9 71,1 98,2 19,6 64,0 72,1 60,2 58,6 20,8 0,3 28,2 43,0 31,0 41,9 52,0 42,6 17,9 32,3 8,8 47,3 37,7 
76: 69,1 22,8 74,3 84,4 24,5 80,4 18,6 46,1 90,4 91,6 23,4 
77: 35,4 67,9 41,4 58,7 
78: 65,7 73,7 63,4 77,5 58,1 15,9 35,3 60,7 80,0 93,8 97,3 72,7 89,0 53,5 71,9 70,5 8,2 79,5 47,9 59,1 46,6 39,2 2,6 44,2 55,4 28,2 69,8 14,3 29,0 98,8 57,9 16,6 30,0 81,0 83,2 33,0 36,7 1,2 12,8 3,5 95,2 64,7 78,0 26,6 76,9 90,8 25,6 
79: 7,2 
80: 40,5 
81: 17,4 10,7 37,6 52,9 51,7 22,6 33,2 28,4 4,6 11,3 76,5 23,4 60,7 5,7 64,3 62,4 88,7 89,2 24,8 29,7 45,4 9,6 32,8 
82: 52,9 76,4 40,6 87,8 
83: 
84: 5,8 14,0 87,5 78,7 81,1 85,7 36,8 11,9 79,8 0,0 16,5 73,3 
85: 18,3 92,9 
86: 83,2 
87: 33,9 
88: 31,0 43,1 
89: 36,6 67,4 18,8 24,6 49,4 88,3 31,9 59,5 46,8 98,6 17,7 93,8 8,7 66,9 35,0 41,3 
90: 34,3 64,4 10,9 74,8 92,4 55,7 33,3 22,6 11,0 
91: 63,7 71,1 89,9 15,4 96,2 60,0 81,0 
92: 83,1 13,3 1,7 37,6 42,9 52,5 20,6 48,5 41,6 68,5 69,7 86,3 33,9 31,0 3,7 9,0 14,3 15,5 43,2 87,0 30,7 66,9 
93: 51,4 59,9 54,0 70,8 85,6 57,0 65,7 39,2 79,5 6,9 72,0 21,4 3,3 
94: 4,9 23,7 6,1 43,2 44,8 41,9 9,4 37,2 67,3 8,5 54,3 95,9 94,8 31,3 
95: 37,7 5,0 72,5 88,5 14,8 44,2 73,7 35,3 74,0 4,7 10,1 11,1 28,9 13,5 66,0 92,6 8,9 
96: 8,5 70,2 7,1 42,0 
97: 23,0 15,0 42,1 51,8 75,6 52,0 56,8 18,3 55,0 38,2 3,4 33,9 78,9 76,5 20,1 5,0 89,0 40,6 53,6 9,6 45,4 69,6 95,8 50,4 43,7 24,7 37,6 4,5 32,8 25,7 21,7 96,4 59,6 19,7 14,5 84,1 73,8 88,2 47,1 28,0 39,2 72,6 8,9 29,0 0,7 46,6 81,4 31,6 36,3 87,3 74,6 58,3 6,6 13,7 
98: 57,7 26,2 58,3 13,3 89,1 82,9 12,4 55,3 92,7 3,3 17,5 
99: 1,7 10,1 67,8 23,3 

A shortest path in the maze
Path Length: 4
Path Cost: 3
Path: 0 76 69 15 99
real 0.10
user 0.21
sys 0.00
