A graph representing a maze
0: 1,5 18,2 92,3 49,4 96,5 8,8 73,5 70,9 14,9 71,0 97,3 15,5 43,1 12,4 7,2 93,3 
1: 54,7 76,7 63,1 96,5 60,1 26,2 35,3 55,0 22,3 27,5 92,8 47,9 
2: 7,5 65,5 17,0 49,8 77,8 80,8 43,1 70,9 
3: 90,6 
4: 
5: 
6: 79,7 80,7 30,4 61,2 96,2 76,0 36,6 
7: 69,7 27,9 60,1 
8: 10,4 62,2 25,8 
9: 8,8 15,2 88,6 6,9 84,9 87,9 36,8 52,7 68,0 94,3 
10: 29,1 80,4 39,6 63,1 45,0 22,0 8,2 23,7 13,2 43,9 69,3 16,4 21,3 
11: 
12: 15,0 44,8 79,3 77,8 12,9 
13: 82,7 
14: 61,7 98,0 83,9 
15: 55,1 80,5 59,9 53,3 
16: 
17: 5,0 79,4 45,7 47,9 3,3 85,1 
18: 76,3 
19: 98,1 60,0 35,2 4,7 
20: 88,5 
21: 76,4 31,7 74,7 
22: 22,9 99,4 24,4 
23: 
24: 79,7 
25: 74,5 94,4 85,9 16,6 32,3 23,1 28,0 45,2 59,0 
26: 42,7 58,4 
27: 77,0 18,8 43,6 60,5 19,3 62,8 85,8 
28: 26,5 58,0 7,9 16,9 23,8 87,7 32,4 17,8 31,1 73,0 1,3 12,4 84,6 33,6 25,7 24,8 56,4 88,7 35,5 98,3 51,8 70,7 57,0 
29: 
30: 
31: 
32: 56,5 34,6 
33: 72,6 
34: 22,9 
35: 55,7 89,4 32,2 
36: 22,6 94,5 67,6 38,8 99,2 5,3 86,0 98,5 
37: 97,3 18,0 44,9 4,0 66,6 
38: 
39: 
40: 
41: 
42: 88,6 
43: 12,6 6,1 
44: 30,2 86,3 96,0 
45: 50,8 52,9 40,1 9,9 95,9 
46: 
47: 66,3 38,1 88,5 
48: 90,0 27,5 56,3 
49: 67,5 57,4 
50: 94,6 88,5 
51: 53,8 17,3 35,4 43,6 0,0 
52: 63,9 
53: 59,1 26,8 56,5 22,9 
54: 9,7 
55: 60,7 91,2 48,5 
56: 93,3 35,7 39,8 41,5 4,0 66,1 77,1 37,9 72,4 34,2 86,2 
57: 26,6 36,4 50,2 29,9 
58: 80,1 39,1 11,3 51,0 59,5 57,1 
59: 
60: 85,3 59,3 4,1 27,8 66,0 51,7 76,2 17,2 6,2 50,9 3,1 81,4 
61: 34,8 89,0 50,7 65,4 7,8 
62: 78,7 74,5 18,7 68,6 65,2 67,7 82,2 85,8 88,7 94,8 64,7 21,8 47,2 44,8 20,8 58,1 97,2 12,8 81,6 
63: 32,3 
64: 
65: 15,5 5,1 98,3 41,3 44,4 18,7 69,6 96,4 
66: 
67: 16,9 
68: 64,0 52,2 6,3 7,8 24,1 40,0 
69: 91,2 43,8 
70: 46,9 0,0 10,6 93,8 
71: 14,6 
72: 
73: 25,0 17,5 30,2 80,9 
74: 47,9 
76: 6,9 65,4 52,6 
77: 72,4 59,4 36,8 14,4 54,9 46,4 28,7 57,9 7,8 30,3 66,5 18,2 19,2 82,9 60,1 92,6 27,1 71,4 12,3 73,5 
78: 53,5 89,9 
79: 89,1 79,6 
80: 
81: 
82: 64,5 29,0 46,4 44,0 95,8 
83: 
84: 0,0 96,0 99,5 
85: 34,2 51,5 56,6 24,2 50,9 31,7 89,1 62,9 88,6 94,8 36,6 23,8 9,8 37,5 90,0 12,3 87,3 98,1 
86: 1,8 14,4 25,3 77,0 89,5 27,4 61,8 
87: 13,9 47,4 14,9 17,8 32,6 10,9 79,5 43,9 
88: 55,1 
89: 
90: 36,5 0,8 40,1 67,5 64,2 70,9 77,2 1,3 
91: 5,2 36,2 53,9 89,7 85,8 6,0 45,3 76,8 82,8 
92: 46,6 31,6 
93: 0,5 10,4 57,0 98,2 60,1 25,2 88,3 
94: 86,2 2,0 91,4 13,6 11,1 
95: 4,9 
96: 69,3 21,1 
97: 34,9 33,8 40,0 14,8 89,7 35,9 13,4 92,6 12,4 
98: 53,9 7,2 42,6 
99: 

A shortest path in the maze
Path Length: 4
Path Cost: 9
Path: 0 93 57 36 99
real 0.09
user 0.16
sys 0.01
