A graph representing a maze
0: 70,0 418,2 807,2 501,5 949,4 193,3 708,8 614,9 315,5 696,5 992,3 373,5 470,9 296,3 112,4 843,1 
1: 635,3 927,5 926,2 992,8 847,9 122,3 463,1 796,5 54,7 154,0 960,1 476,7 
2: 17,0 777,8 165,5 543,1 949,8 980,8 170,9 907,5 
3: 390,6 
4: 
5: 
6: 580,7 736,6 279,7 476,0 961,2 496,2 330,4 
7: 769,7 27,9 560,1 
8: 562,2 925,8 710,4 
9: 87,9 136,8 908,8 6,9 488,6 715,2 252,7 284,9 368,0 994,3 
10: 563,1 939,6 569,3 829,1 743,9 316,4 8,2 513,2 122,0 580,4 921,3 145,0 223,7 
12: 412,9 744,8 979,3 777,8 315,0 
13: 782,7 
14: 361,7 483,9 398,0 
15: 459,9 980,5 753,3 455,1 
16: 
17: 679,4 945,7 705,0 847,9 203,3 985,1 
18: 576,3 
19: 935,2 804,7 398,1 260,0 
20: 88,5 
21: 431,7 374,7 376,4 
22: 222,9 899,4 524,4 
23: 
24: 579,7 
25: 774,5 894,4 816,6 132,3 545,2 385,9 523,1 628,0 659,0 
26: 42,7 558,4 
27: 843,6 260,5 285,8 518,8 277,0 719,3 962,8 
28: 425,7 816,9 56,4 212,4 257,0 931,1 570,7 223,8 498,3 835,5 17,8 173,0 907,9 601,3 387,7 323,8 725,5 951,8 684,6 957,0 687,7 831,6 732,4 
29: 
30: 
31: 
32: 956,5 34,6 
33: 272,6 
34: 622,9 
35: 432,2 689,4 355,7 
36: 286,0 899,2 705,3 594,5 998,5 238,8 822,6 967,6 
37: 804,0 266,6 444,9 97,3 518,0 
38: 
39: 
40: 
41: 
42: 588,6 
43: 306,1 12,6 
44: 230,2 496,0 786,3 
45: 409,9 595,9 152,9 50,8 740,1 
47: 366,3 38,1 888,5 
48: 956,3 127,5 590,0 
49: 767,5 357,4 
50: 588,5 394,6 
51: 753,8 343,6 500,0 517,3 35,4 
52: 563,9 
53: 726,8 556,5 622,9 259,1 
54: 909,7 
55: 360,7 491,2 148,5 
56: 672,4 286,2 393,3 434,7 104,0 534,2 637,9 341,5 566,1 277,1 639,8 
57: 26,6 329,9 936,4 50,2 
58: 857,1 359,5 251,0 439,1 780,1 711,3 
59: 
60: 906,2 285,3 176,2 250,9 517,2 266,0 527,8 203,1 181,4 251,7 59,3 604,1 
61: 150,7 634,8 189,0 365,4 107,8 
62: 720,8 685,8 212,8 658,1 621,8 644,8 881,6 882,2 974,5 988,7 568,6 378,7 494,8 447,2 318,7 567,7 997,2 164,7 765,2 
63: 432,3 
64: 
65: 244,4 41,3 905,1 469,6 518,7 415,5 698,3 796,4 
66: 
67: 16,9 
68: 752,2 540,0 6,3 107,8 424,1 464,0 
69: 491,2 343,8 
70: 493,8 100,0 446,9 910,6 
71: 314,6 
72: 
73: 217,5 30,2 580,9 725,0 
74: 47,9 
75: 
76: 365,4 752,6 506,9 
77: 572,4 366,5 212,3 72,5 271,4 218,2 182,9 328,7 54,9 207,8 430,3 118,2 136,8 927,1 414,4 946,4 157,9 559,4 59,1 892,6 
78: 453,5 889,9 
79: 979,6 89,1 
80: 
82: 695,8 146,4 564,5 329,0 844,0 
84: 199,5 200,0 896,0 
85: 551,5 734,2 787,3 509,8 698,1 523,8 824,2 788,1 812,3 956,6 562,9 436,5 188,0 631,7 850,9 236,6 794,8 988,6 
86: 289,5 301,8 477,0 725,3 927,4 514,4 661,8 
87: 443,9 817,8 447,4 614,9 732,6 313,9 879,5 810,9 
88: 755,1 
89: 
90: 367,5 36,5 400,8 664,2 601,3 677,2 840,1 170,9 
91: 5,0 389,7 576,8 882,8 845,3 53,9 436,2 605,2 685,8 
92: 946,6 631,6 
93: 125,2 257,0 498,2 888,3 510,4 400,5 560,1 
94: 802,0 291,4 813,6 586,2 411,1 
95: 304,9 
96: 669,3 621,1 
97: 433,8 292,6 589,7 135,9 634,9 540,0 13,8 713,4 12,4 
98: 707,2 53,9 642,6 
99: 
100: 
101: 
102: 954,1 130,6 
103: 883,6 971,3 
104: 120,4 240,0 822,8 19,8 697,2 477,3 750,5 
105: 460,2 123,2 345,4 294,8 636,1 873,9 472,0 
106: 587,1 86,9 582,5 26,6 847,3 519,3 695,3 131,6 299,2 613,2 792,8 789,3 124,7 968,8 581,3 296,0 969,4 561,1 179,8 786,2 97,9 619,1 824,3 332,5 726,5 
107: 26,5 
108: 839,8 
109: 970,3 430,4 154,0 665,4 535,1 126,7 189,1 280,2 621,4 248,0 
110: 525,7 398,0 244,0 
111: 998,7 943,5 772,9 645,9 
112: 21,0 413,3 801,5 864,4 673,3 159,9 156,0 92,2 462,1 
113: 283,7 809,4 656,7 147,0 610,2 
114: 457,1 198,5 592,5 227,5 
115: 339,7 116,2 950,9 165,5 549,1 953,8 
116: 62,6 863,1 916,8 88,9 720,5 963,9 945,2 
117: 933,2 857,8 926,8 
118: 763,5 4,8 376,9 71,3 584,5 792,5 665,8 793,3 124,6 757,1 
119: 425,8 758,2 40,2 31,8 463,1 819,3 612,9 220,5 601,5 364,2 684,4 234,8 93,1 418,6 
120: 391,9 338,7 392,2 356,8 572,5 
121: 957,1 155,4 
122: 376,3 321,2 134,5 
123: 275,1 337,4 891,2 
124: 394,0 
125: 479,0 559,0 634,6 
126: 347,1 140,1 754,4 350,1 258,4 931,6 
127: 512,0 234,8 652,6 770,4 630,9 
128: 471,8 
129: 961,0 466,8 974,3 851,4 
130: 277,2 614,4 
131: 94,5 277,7 575,1 783,7 309,4 729,4 128,1 330,3 744,6 851,7 576,2 607,9 
132: 223,1 541,5 
133: 
134: 
135: 374,6 
136: 6,8 735,6 576,9 723,9 
137: 770,1 841,5 
138: 15,5 
139: 74,2 
140: 509,6 581,4 244,2 
141: 240,8 221,0 
142: 57,5 
143: 287,2 
144: 645,2 226,6 62,2 
145: 709,1 896,1 264,3 488,9 
146: 
147: 210,4 772,7 923,0 
148: 807,5 142,2 720,9 423,2 138,2 
149: 890,0 414,1 
150: 960,7 
151: 444,6 332,2 
152: 
153: 384,5 754,4 138,7 618,2 970,4 
154: 387,2 
155: 763,8 431,4 
156: 324,0 372,8 
157: 
158: 914,2 928,5 623,0 979,4 
159: 139,9 24,1 605,9 699,5 350,8 592,5 
160: 178,4 513,9 316,5 624,8 554,5 234,7 
161: 
162: 882,0 493,5 
163: 
164: 312,6 688,5 980,3 493,2 
165: 
166: 
167: 604,5 610,3 858,4 164,0 
168: 924,0 883,5 441,3 314,7 393,9 914,0 705,2 255,5 273,6 651,7 57,7 37,1 
169: 888,4 263,6 920,7 202,1 653,9 479,4 
170: 926,9 
171: 
172: 909,0 718,0 64,6 84,3 93,4 816,8 827,1 
173: 779,7 96,0 616,3 61,7 863,3 85,0 162,3 680,3 
174: 
175: 466,1 481,5 
176: 392,2 
177: 389,7 582,4 797,9 450,4 
178: 
179: 517,6 607,1 308,2 299,3 789,7 
180: 
181: 359,0 623,7 425,4 
182: 639,5 
183: 952,4 292,2 
184: 
185: 60,6 419,6 425,0 282,2 307,3 316,1 
186: 
187: 248,3 616,7 910,4 671,6 73,3 212,2 811,5 210,8 759,7 116,2 167,3 263,5 
188: 32,0 171,7 648,5 264,2 12,8 923,2 800,3 375,0 822,0 
189: 
190: 291,6 
191: 
192: 
193: 146,1 769,1 24,5 280,4 522,8 722,4 490,4 74,3 818,6 
194: 558,7 935,4 641,4 567,9 
195: 
196: 403,0 
197: 443,8 322,5 800,7 517,3 
198: 514,3 783,2 35,7 971,9 865,7 859,1 103,5 298,8 629,0 363,4 546,6 769,8 625,6 415,9 647,9 429,0 
199: 26,9 481,7 27,3 795,2 
200: 
201: 308,2 593,8 433,0 760,7 664,7 976,5 212,8 455,4 602,6 76,9 444,2 728,2 826,6 777,5 197,3 439,2 601,2 471,7 780,0 180,0 
202: 607,2 
203: 
204: 122,6 932,8 535,4 411,3 617,4 224,8 
205: 447,4 404,4 36,1 327,1 416,9 564,2 527,2 103,1 784,1 517,7 
206: 980,9 707,3 380,2 859,1 463,8 576,3 
207: 304,6 
208: 752,9 840,6 476,4 187,8 
209: 
210: 
211: 868,2 
212: 784,4 
213: 387,5 36,8 73,3 185,7 
214: 370,9 589,2 
215: 
216: 
217: 845,4 
218: 
219: 
220: 292,9 718,3 
221: 483,2 
222: 33,9 
223: 543,1 431,0 
224: 249,4 446,8 524,6 
225: 556,7 357,0 290,0 954,1 773,2 
226: 15,3 
227: 766,9 
228: 535,7 59,5 228,2 
229: 773,8 898,3 
230: 886,0 650,2 215,4 901,5 54,3 411,8 593,2 861,4 468,2 782,1 844,7 986,4 
231: 526,3 311,9 
232: 
233: 
234: 600,1 793,3 545,5 779,7 
235: 345,3 
236: 415,5 
237: 786,4 105,6 653,0 87,8 863,2 935,5 
238: 
239: 730,7 920,6 430,0 286,0 803,7 941,6 733,9 968,7 
240: 199,3 185,6 
241: 
242: 
243: 57,0 3,3 921,4 765,7 972,0 839,2 759,9 654,0 770,8 6,9 751,4 
244: 767,3 123,7 
245: 
246: 164,4 
247: 
248: 2,0 375,2 502,1 663,5 273,7 849,9 
249: 233,6 
250: 544,8 709,4 
251: 544,2 737,7 235,3 473,7 4,7 
252: 205,5 830,8 115,6 418,1 721,1 739,4 749,7 
253: 57,0 272,2 489,3 
254: 804,0 
255: 770,2 407,5 342,0 907,1 
256: 676,5 781,4 
257: 28,2 847,9 653,8 496,9 236,2 931,6 746,9 
258: 426,1 844,8 
259: 603,4 43,7 723,0 658,3 328,0 774,6 814,5 559,6 32,8 303,5 769,6 387,3 339,2 708,6 750,4 978,9 695,4 952,0 745,4 
260: 976,6 320,1 540,7 712,2 916,8 51,3 717,7 759,2 517,5 8,6 966,1 221,7 
261: 984,7 
262: 18,3 788,0 650,8 0,7 628,0 555,0 323,7 924,7 346,6 
263: 317,5 392,7 
264: 143,9 662,5 733,0 793,9 807,0 323,2 374,5 
265: 887,6 391,7 873,1 956,9 620,7 766,6 198,7 396,9 
266: 
267: 806,0 467,0 966,0 543,7 685,5 577,6 
268: 511,4 945,6 136,3 389,6 
269: 895,4 618,6 406,3 614,0 784,8 
270: 354,8 
271: 
272: 387,9 998,1 135,7 
273: 215,1 595,0 981,0 1,5 620,3 197,0 25,9 
274: 12,2 313,9 618,4 510,1 
275: 
276: 64,8 
277: 
278: 532,0 787,3 
279: 
280: 760,0 5,8 59,8 
281: 196,7 829,8 682,9 472,8 918,1 126,7 334,3 688,1 
282: 
283: 191,0 656,8 
284: 
285: 628,7 231,6 191,3 358,4 
286: 636,6 772,9 4,6 234,5 356,7 229,4 342,9 714,2 818,2 925,4 
287: 40,0 274,8 983,7 770,2 855,2 627,1 478,0 115,6 
288: 
289: 275,2 
290: 397,3 890,1 
291: 314,9 976,4 725,9 571,8 584,1 967,0 698,6 534,9 551,0 364,4 738,6 
292: 99,7 
293: 294,1 637,2 794,6 132,2 982,9 
294: 42,8 276,4 348,9 317,0 517,4 
295: 275,7 952,8 
296: 132,3 926,3 541,0 
297: 
298: 683,8 
299: 914,7 228,4 953,5 648,7 684,4 
300: 849,0 308,8 
301: 
302: 71,4 35,6 
303: 249,8 
304: 2,7 151,8 
305: 216,6 
306: 132,2 907,1 
307: 779,6 
308: 
309: 
310: 546,2 449,2 981,8 687,1 154,5 638,9 200,1 230,6 889,8 2,0 515,1 
311: 
312: 
313: 429,7 56,8 161,4 
314: 629,1 990,2 
315: 190,6 513,0 357,8 755,6 538,5 487,5 
316: 
317: 
318: 514,7 171,5 495,0 
319: 366,3 853,0 960,8 
320: 964,6 446,5 
321: 168,9 866,4 289,8 877,5 
322: 991,1 92,4 
323: 747,1 887,7 542,0 497,3 217,8 582,3 
324: 955,3 
325: 946,0 
326: 891,1 666,7 936,6 422,9 201,2 458,5 741,6 490,5 
327: 185,8 
328: 130,8 
329: 402,6 
330: 
331: 794,0 859,9 354,8 506,3 
332: 489,0 772,1 921,5 569,7 7,2 
333: 244,2 344,0 
334: 258,1 341,2 945,3 268,7 
335: 174,4 10,1 487,2 78,2 808,0 28,3 916,5 511,5 687,1 788,3 77,8 
336: 241,1 715,6 
337: 358,2 
338: 362,8 
339: 907,8 
340: 243,8 729,5 48,5 
341: 591,0 492,0 92,6 594,5 544,7 411,8 913,4 177,7 824,2 949,7 820,5 868,2 32,0 155,3 674,8 
342: 731,3 559,6 
343: 264,1 221,8 995,8 436,2 257,5 25,5 443,0 617,1 745,6 
344: 554,6 
345: 421,0 
346: 318,7 109,0 375,7 703,6 664,3 
347: 973,1 6,5 47,6 76,9 968,2 
348: 465,4 
349: 
350: 859,8 
351: 67,5 603,7 
352: 
353: 656,7 312,4 702,2 846,4 130,1 796,5 695,4 597,4 
354: 694,8 188,3 741,2 37,9 
355: 278,3 547,8 94,8 
356: 421,2 38,4 
357: 503,4 188,0 40,8 
358: 851,7 778,5 55,8 
359: 898,8 229,8 443,5 832,0 240,8 668,2 221,2 890,9 977,0 518,5 
360: 184,4 
361: 195,1 87,5 553,8 827,7 163,6 433,3 252,7 631,9 
362: 
363: 76,6 792,4 519,0 225,9 936,5 377,9 731,6 945,0 
364: 751,7 891,2 174,7 
365: 475,3 
366: 
367: 491,1 575,7 
368: 337,9 902,4 
369: 
370: 
371: 976,7 150,5 253,4 
372: 
373: 946,9 
374: 271,7 
375: 496,1 185,2 439,8 524,4 
376: 200,6 206,3 491,9 
377: 736,0 84,7 218,8 151,0 
378: 50,8 812,2 532,8 199,4 
379: 
380: 
381: 
383: 210,7 
384: 
385: 311,9 23,4 
386: 572,3 507,1 687,3 145,2 325,4 859,3 245,5 
387: 577,2 272,2 437,5 368,6 
388: 901,4 944,2 527,3 495,1 945,7 870,9 672,2 
389: 765,0 
390: 112,6 665,5 714,2 13,1 
391: 298,8 927,6 978,0 656,9 872,1 
392: 878,7 
393: 150,9 424,5 
394: 
395: 
396: 
397: 496,2 885,3 760,5 
398: 425,4 791,6 646,9 16,0 983,9 956,6 632,8 959,0 493,8 643,0 231,1 938,9 140,4 406,7 
399: 
400: 292,1 124,5 243,8 241,5 244,6 
401: 42,6 428,4 374,7 850,8 
402: 635,1 799,7 
403: 696,3 215,0 64,1 77,8 132,2 632,3 613,2 22,2 844,7 700,1 676,4 
404: 717,1 
405: 349,6 924,6 
406: 348,7 
407: 
409: 632,1 
410: 437,3 653,3 
411: 
412: 626,6 688,2 277,9 1,1 522,4 
413: 302,9 579,8 909,1 189,1 815,4 87,3 103,2 205,4 949,6 727,1 
414: 
415: 918,3 
416: 109,5 
417: 445,6 911,2 650,1 514,7 860,8 
418: 919,9 962,3 713,9 
419: 459,8 474,0 78,9 54,3 883,6 
420: 491,0 151,2 137,4 540,6 
421: 855,4 860,9 117,4 948,0 214,4 704,5 
422: 858,3 371,8 
423: 674,4 623,4 939,0 
424: 189,2 515,7 649,4 
425: 374,7 
426: 509,2 
427: 607,4 
428: 
429: 73,2 851,6 406,4 88,4 110,1 166,7 794,1 588,0 116,7 680,5 293,0 952,1 497,3 768,6 
430: 216,7 248,4 
431: 129,6 544,5 
432: 996,3 505,8 841,7 701,2 819,3 5,1 836,1 
433: 
434: 892,7 389,1 836,0 516,2 853,7 
435: 93,8 
436: 467,3 529,9 533,5 380,6 35,9 
437: 
439: 861,3 610,2 318,9 30,3 846,8 237,4 912,5 53,4 100,2 830,3 357,3 834,2 
440: 415,2 443,7 124,6 502,1 289,5 464,3 
441: 936,1 
442: 171,3 531,4 781,1 358,3 294,6 768,7 120,4 200,8 619,6 114,6 412,3 646,3 
443: 336,0 
444: 265,4 
445: 848,4 
446: 258,0 
447: 5,6 
448: 23,0 666,0 465,4 
449: 924,1 130,1 
450: 244,0 509,8 986,7 
451: 320,9 922,8 837,3 396,2 785,4 
452: 358,5 
453: 806,4 345,4 34,8 684,7 499,9 817,6 56,9 351,6 218,2 633,5 483,9 
454: 
455: 853,7 523,0 
456: 1,1 
457: 
458: 
459: 296,7 
460: 
462: 566,0 
463: 76,5 
464: 446,5 439,4 426,0 
465: 
466: 646,9 220,8 786,1 437,0 624,6 273,3 871,9 
467: 588,5 672,7 715,4 
468: 389,9 
469: 842,9 233,9 
470: 586,5 940,4 717,5 
471: 
472: 646,1 
473: 246,5 151,3 
474: 35,9 323,8 974,5 965,4 34,2 
475: 285,6 697,6 460,3 123,8 684,0 
476: 245,8 808,5 884,0 914,1 
477: 795,1 
478: 245,8 302,8 956,7 692,1 
479: 376,5 599,0 5,9 781,1 
480: 219,0 72,4 820,9 501,3 
481: 756,0 48,4 228,3 549,0 574,0 653,2 804,9 628,3 747,4 
482: 635,6 572,0 552,3 234,6 667,0 982,2 126,5 439,5 
483: 971,2 649,3 399,0 37,7 523,5 
484: 571,6 971,0 31,1 215,6 769,1 
485: 373,0 457,5 870,2 545,1 165,4 
486: 943,1 984,7 45,0 73,7 920,2 
487: 535,0 652,6 808,4 278,1 653,2 145,2 551,2 881,1 727,0 
488: 385,0 
489: 
490: 
491: 705,0 443,0 540,3 747,5 645,3 644,8 133,4 322,0 535,7 170,8 865,4 505,2 599,6 300,4 493,6 311,2 492,6 49,3 490,6 25,9 267,5 508,1 739,8 
492: 
493: 214,3 995,8 
494: 878,8 
495: 606,8 163,6 
496: 261,5 352,1 953,2 443,7 811,4 667,8 348,6 189,2 955,2 958,9 
497: 42,4 
498: 250,1 65,8 874,3 118,7 
499: 504,3 812,3 122,0 754,6 23,3 386,6 462,7 75,1 
500: 
501: 723,6 174,8 
502: 433,7 77,8 99,9 71,2 
503: 455,9 639,4 797,1 399,1 875,6 311,4 798,6 831,7 908,4 857,6 946,8 731,5 418,1 327,3 312,7 142,6 
504: 75,3 520,0 581,7 326,0 750,0 733,5 466,0 647,6 739,0 724,9 940,9 550,8 
505: 761,2 371,6 104,3 828,4 
506: 667,7 8,9 
507: 
508: 
509: 326,4 150,2 329,2 
510: 690,4 
511: 564,7 62,0 233,5 273,5 261,3 582,8 
512: 323,3 515,3 9,6 458,5 
513: 
514: 548,4 906,0 857,7 
515: 741,4 
516: 784,8 917,5 
517: 
518: 
519: 
520: 431,2 
521: 571,7 
522: 757,7 
523: 395,7 
524: 113,3 
525: 355,8 282,1 977,2 48,6 371,7 
526: 112,1 355,2 
527: 540,8 187,9 431,5 593,7 996,4 
528: 276,7 
529: 
530: 767,6 411,1 231,9 
531: 900,8 306,0 688,4 875,5 
532: 
533: 
534: 860,9 272,3 391,1 577,4 
535: 850,1 972,2 538,7 720,2 764,0 413,2 554,6 341,4 
536: 841,1 352,4 
537: 915,1 
538: 499,8 
539: 578,1 902,3 
540: 915,2 470,0 884,5 950,1 211,8 18,4 
541: 321,4 384,4 73,3 24,6 680,0 214,6 824,0 837,7 606,8 258,7 394,0 343,3 873,3 
542: 
543: 231,6 397,7 939,3 308,7 540,4 422,4 824,9 
544: 
545: 
546: 629,5 367,9 139,0 965,8 
547: 467,3 
548: 890,8 
549: 850,4 
550: 266,9 573,7 670,1 353,2 723,4 40,4 389,0 584,4 
551: 
552: 507,8 
553: 746,5 215,1 
554: 101,6 708,1 
555: 148,2 830,7 317,4 809,3 
556: 
557: 
558: 161,9 774,9 175,2 
559: 121,3 789,2 
560: 196,1 
561: 99,8 
562: 246,1 450,3 324,4 626,8 
563: 997,3 118,6 
564: 280,1 425,6 493,8 341,7 229,4 
565: 
566: 
567: 472,6 400,1 398,4 868,2 
568: 881,3 
569: 260,3 881,6 671,5 781,4 554,5 430,1 
570: 32,9 
571: 807,0 
572: 
573: 729,5 510,2 
574: 452,1 866,7 771,3 658,3 792,6 262,4 877,5 55,8 
575: 
576: 168,1 400,7 263,4 414,8 
577: 326,9 268,6 103,8 177,4 460,7 
578: 721,7 117,8 454,5 
579: 930,4 682,5 764,8 359,7 827,6 
580: 203,9 439,6 39,7 292,6 
581: 
582: 651,9 677,6 235,4 148,3 867,2 57,5 
583: 899,2 
584: 423,2 
585: 819,4 825,9 569,0 184,9 565,3 709,9 
586: 214,4 679,4 483,5 
587: 54,8 
588: 
589: 948,8 387,8 851,8 564,9 383,5 
590: 602,2 
591: 
592: 56,8 435,3 805,4 396,0 264,0 310,5 784,0 
593: 
594: 92,7 295,1 178,7 137,5 633,9 
595: 107,6 354,9 
596: 773,6 
597: 437,0 626,3 
598: 214,4 39,2 629,7 24,3 744,1 
599: 104,4 706,1 868,4 
600: 581,1 617,9 156,8 50,2 341,9 964,8 649,5 
601: 19,9 
602: 
603: 982,0 57,1 228,6 33,9 770,0 
604: 94,6 496,8 
605: 
606: 924,6 955,7 5,4 
607: 700,8 272,2 681,6 290,2 77,7 909,4 
608: 685,3 151,9 459,9 180,9 402,1 203,6 377,0 187,5 897,0 102,2 141,5 243,8 
609: 173,2 276,9 
610: 122,8 729,1 700,9 409,9 255,7 884,7 297,2 867,0 356,8 58,5 556,0 
611: 786,5 186,9 174,7 121,7 392,4 670,2 79,3 742,9 530,5 
612: 33,3 
613: 180,7 207,6 271,7 532,8 314,2 824,3 24,2 627,1 
614: 
615: 29,9 
616: 780,5 
617: 851,5 671,6 946,5 59,1 569,4 435,5 967,4 
618: 
619: 
620: 306,3 
621: 611,5 
622: 
623: 553,0 778,5 871,0 256,8 742,4 
624: 715,9 48,5 924,6 601,5 617,0 694,7 824,2 168,8 952,1 
625: 241,2 113,3 594,1 633,3 546,4 527,2 251,6 
626: 283,6 207,5 26,4 108,6 222,1 689,5 810,1 830,2 241,2 
627: 343,5 966,9 993,5 234,9 
628: 966,6 
629: 206,4 437,8 420,7 
630: 571,1 578,5 877,9 67,6 440,1 642,8 342,6 569,6 761,9 226,6 418,4 998,5 896,6 146,8 436,4 88,8 970,3 564,4 680,6 
631: 361,2 132,8 
632: 843,6 225,0 751,5 993,6 902,2 835,5 
633: 241,1 275,0 969,5 
634: 830,5 
635: 704,7 40,8 60,6 133,8 30,0 85,9 897,7 578,5 
636: 
637: 
638: 348,5 474,6 206,0 
639: 308,7 339,0 
641: 
642: 628,7 125,5 688,5 
643: 272,6 380,0 
644: 910,4 
645: 501,5 787,4 
646: 984,8 653,1 612,6 
647: 458,6 
648: 
649: 395,3 
650: 
651: 436,5 997,8 
652: 509,0 342,6 119,3 967,0 
653: 264,5 995,8 600,5 
654: 842,7 
655: 651,3 84,2 175,2 698,5 
656: 442,1 
657: 
658: 899,2 
659: 
660: 
661: 
662: 366,5 634,3 282,2 594,0 294,4 369,8 419,6 
663: 510,0 497,5 526,6 779,0 402,7 145,6 
664: 126,5 114,3 
665: 448,0 160,9 
666: 
667: 672,5 810,3 
668: 719,8 113,4 44,7 241,2 833,3 
669: 101,3 140,0 290,2 513,9 381,3 630,7 744,1 685,4 713,7 
670: 
671: 
672: 683,6 544,1 
673: 106,0 
674: 654,7 924,3 27,6 743,6 244,9 
675: 656,2 
676: 
677: 
678: 172,2 584,4 
679: 292,5 214,4 915,8 
680: 
681: 363,3 983,7 75,1 674,9 575,3 
682: 471,4 161,7 447,0 
683: 
684: 
685: 188,3 5,8 577,0 932,3 551,8 979,9 853,6 
686: 
687: 
688: 537,6 221,8 801,9 472,2 145,3 72,7 52,6 
689: 533,6 135,3 206,0 
690: 393,6 7,9 457,5 34,1 465,7 
691: 402,7 165,4 
692: 605,2 
693: 155,4 847,4 578,9 176,7 570,9 
694: 
695: 568,4 
696: 
697: 777,9 317,8 803,3 
698: 302,4 514,2 3,0 
699: 258,5 444,0 613,1 604,2 99,9 166,1 16,9 245,6 
700: 38,4 611,5 
701: 377,8 580,0 707,8 733,4 323,3 384,4 643,4 
702: 930,4 557,7 
703: 773,2 17,3 
704: 755,3 
705: 140,4 
706: 
707: 206,6 706,3 637,7 854,9 926,3 628,3 508,9 242,2 451,3 665,3 406,0 997,8 
708: 608,6 273,9 
709: 290,5 950,2 523,3 133,1 509,5 935,3 242,3 898,1 303,7 182,4 
710: 553,2 857,0 451,3 
711: 436,4 761,7 
712: 882,8 158,5 684,0 969,5 948,9 981,7 188,2 603,8 
713: 873,7 
714: 259,4 
715: 655,5 
716: 938,0 983,0 
717: 514,5 939,7 777,5 150,7 385,7 242,0 306,7 82,9 406,6 918,5 80,1 806,9 615,5 629,4 742,8 441,8 407,8 138,6 823,6 921,1 797,8 995,1 141,1 9,8 4,9 552,5 802,7 
718: 839,7 383,5 315,1 663,3 824,5 24,4 569,4 113,9 418,5 
719: 252,9 
720: 
721: 684,0 603,6 
722: 446,8 
723: 8,2 
724: 38,1 
725: 810,6 208,1 812,8 509,8 496,0 889,9 
726: 
727: 956,8 253,6 596,3 
728: 183,8 
729: 670,2 858,2 789,2 449,1 650,0 518,2 872,2 
730: 458,0 
731: 477,1 
732: 41,9 
733: 241,5 527,3 669,9 550,5 742,5 869,2 262,3 420,9 402,5 
734: 314,4 
735: 
736: 776,2 751,2 324,3 
737: 702,7 796,4 551,2 
738: 
739: 768,2 57,8 762,9 476,9 870,6 972,3 58,2 
740: 71,3 571,2 
741: 135,2 
742: 
743: 155,5 269,7 
744: 
745: 
746: 156,8 
747: 803,5 641,1 
748: 393,4 658,1 346,1 38,9 963,6 145,3 
749: 931,4 
750: 984,8 66,7 521,0 
751: 538,2 605,3 937,8 953,8 793,3 314,5 457,3 998,2 493,7 
752: 392,4 883,5 272,0 773,9 668,3 539,7 621,3 710,0 54,1 611,4 872,2 580,5 885,3 79,8 617,7 
753: 406,7 225,7 157,5 62,8 601,5 785,2 837,6 
754: 166,3 572,2 
755: 912,9 
756: 642,8 844,7 169,4 
757: 141,7 
758: 195,4 
759: 
760: 439,8 
761: 742,9 564,3 170,0 
762: 
763: 712,6 
764: 994,7 
765: 
766: 224,4 771,2 202,1 
767: 486,4 243,8 
768: 373,5 
769: 155,2 591,6 293,9 749,6 993,1 118,4 26,7 
770: 400,8 
771: 
772: 
773: 848,0 503,9 63,7 6,5 125,0 
774: 935,9 883,5 
775: 26,3 343,1 761,2 120,4 410,7 
776: 210,0 745,5 278,2 
777: 151,0 900,4 657,1 
778: 
779: 286,2 25,4 982,9 709,7 914,3 407,5 7,5 381,0 439,5 470,3 619,3 876,7 
780: 687,1 645,4 669,2 49,6 172,9 165,4 467,7 584,5 
781: 601,3 
782: 747,3 843,0 
783: 278,4 327,4 729,7 
784: 390,5 
785: 
786: 614,6 
787: 50,3 334,2 
788: 618,9 688,6 384,5 482,2 424,9 
789: 67,3 989,9 293,7 840,1 
790: 907,0 905,2 
791: 237,9 551,6 878,4 
792: 479,3 238,4 400,9 896,7 925,2 
793: 
794: 685,1 187,4 
795: 280,5 952,8 714,9 
796: 635,6 44,2 387,5 
797: 314,8 911,5 37,3 
798: 144,9 510,9 747,8 32,3 422,2 16,0 
799: 
800: 44,4 33,6 77,4 628,9 329,7 464,7 144,5 827,4 145,5 
801: 288,7 365,4 
802: 733,2 358,9 401,7 899,9 534,3 390,8 312,5 553,7 
803: 518,5 25,9 635,9 912,2 971,4 108,7 406,6 572,7 417,6 159,5 18,9 645,7 
804: 526,0 296,7 656,5 
805: 122,9 591,5 
806: 
807: 192,6 207,4 189,5 667,3 
808: 73,9 632,5 454,6 158,7 
809: 
810: 180,3 534,8 581,5 261,2 435,0 464,2 277,3 555,4 792,4 901,4 668,1 312,1 
811: 585,7 
812: 407,7 783,9 55,1 
813: 880,0 
814: 736,6 7,3 389,2 944,2 409,3 
815: 
816: 73,3 18,0 
817: 594,8 621,5 853,7 
818: 818,7 114,9 
819: 435,5 667,3 93,0 632,7 421,2 
820: 
821: 
822: 
823: 
824: 
825: 756,2 453,1 926,9 243,8 40,1 
826: 468,5 663,6 913,5 334,8 
827: 898,4 476,3 
828: 820,8 690,9 490,4 833,6 697,6 
829: 678,2 
830: 316,4 185,8 196,4 
831: 604,7 976,7 
832: 532,2 423,8 360,2 229,8 
833: 469,8 735,6 864,2 858,6 
834: 2,7 235,1 105,0 147,7 
835: 519,1 627,3 949,5 576,8 870,6 
836: 681,9 
837: 976,9 
838: 718,2 
839: 711,4 
840: 828,2 279,4 650,4 
841: 167,8 135,9 
842: 110,0 172,9 391,6 182,1 
843: 611,1 781,8 439,0 343,9 502,9 250,2 941,5 
844: 234,2 212,0 15,0 58,8 790,3 710,1 
845: 582,1 798,2 
846: 97,8 730,1 819,8 
847: 626,8 
848: 
849: 
850: 257,8 715,9 812,7 432,2 727,8 981,4 
851: 481,3 350,1 459,3 151,7 
852: 869,6 
853: 
854: 
855: 703,4 27,2 524,4 534,0 419,9 
856: 182,5 291,4 659,1 954,6 995,3 544,3 70,7 9,0 420,7 
857: 479,3 827,8 486,9 
858: 202,7 818,3 256,4 108,2 893,7 726,0 9,4 321,8 980,2 801,3 467,0 
859: 643,3 463,1 261,3 535,8 252,9 784,1 
860: 227,5 978,5 694,4 951,1 802,6 488,8 975,5 980,0 444,0 
861: 
862: 24,2 964,7 768,5 732,8 
863: 346,1 180,7 329,1 342,6 645,8 762,9 499,1 
864: 525,0 
865: 403,1 880,8 990,2 218,2 259,2 800,7 714,2 
866: 179,8 873,4 893,3 106,8 
867: 824,2 986,1 450,0 504,4 
868: 841,2 72,4 483,1 979,7 36,4 753,0 177,4 469,4 563,5 646,6 414,6 782,1 78,6 180,7 49,0 
869: 133,2 852,8 487,3 666,9 183,5 
870: 490,9 
871: 
872: 116,4 
873: 887,5 869,6 807,6 374,0 482,0 686,8 
874: 142,9 632,8 
875: 
876: 
877: 142,6 983,0 
878: 376,9 827,4 
879: 398,0 657,4 
880: 
881: 731,1 873,7 849,4 396,0 617,6 633,6 
882: 43,2 
883: 530,6 326,7 540,1 
884: 430,9 579,1 53,1 141,8 334,6 187,7 
885: 678,9 
886: 
887: 133,7 688,5 721,2 812,5 197,7 231,1 
888: 74,3 
889: 768,8 993,5 336,8 14,7 209,4 
890: 413,9 
891: 150,5 566,1 607,9 803,5 
892: 
893: 750,1 73,4 959,7 79,7 
894: 923,8 727,0 266,8 
895: 226,0 381,5 
896: 216,9 346,0 
897: 192,4 265,1 
898: 808,6 74,4 
899: 325,6 636,5 903,8 
900: 772,7 715,0 757,9 896,7 471,4 720,2 470,8 393,6 834,3 741,0 502,0 245,8 177,2 232,1 334,4 
901: 467,8 498,0 644,0 
902: 698,7 769,6 621,1 98,5 
903: 34,6 350,7 499,0 102,6 729,6 904,0 676,0 942,9 586,5 620,8 270,9 249,3 906,2 552,4 800,3 
904: 497,5 324,4 500,2 595,2 621,5 124,9 403,7 43,7 101,7 975,1 
905: 569,0 
906: 296,2 600,2 717,2 972,3 
907: 463,3 
908: 288,1 
909: 
910: 
911: 
912: 
913: 
914: 151,6 879,1 
915: 
916: 379,8 737,5 779,4 703,2 
917: 
918: 
919: 
920: 458,3 919,2 
921: 
922: 294,7 
923: 
924: 375,9 591,9 
925: 
926: 
927: 
928: 
929: 832,1 
930: 703,2 564,0 645,6 656,8 22,3 584,9 
931: 695,4 502,8 489,7 953,5 
932: 366,0 276,3 250,5 
933: 33,9 431,8 360,4 830,8 895,3 556,6 
934: 
935: 
936: 
937: 618,1 802,8 800,2 707,8 48,5 
938: 785,2 751,8 801,2 
939: 861,5 179,5 488,3 
940: 202,4 
941: 947,2 
942: 
943: 9,6 
944: 
945: 946,9 
946: 
947: 176,6 756,8 286,5 703,1 682,5 554,1 
948: 522,8 267,8 348,2 
949: 247,7 
950: 934,9 390,3 656,0 
951: 416,1 173,0 905,2 283,4 549,2 491,5 753,3 
952: 202,3 848,7 622,4 186,5 837,8 943,3 803,8 677,1 
953: 
954: 597,2 796,6 671,1 775,1 
955: 922,7 659,5 64,9 537,0 
956: 999,8 538,0 56,1 140,9 301,8 
957: 829,8 224,3 
958: 
959: 239,0 54,0 901,0 702,8 
960: 
961: 407,6 862,1 660,3 66,7 97,3 401,5 727,1 885,6 931,2 850,1 12,1 
962: 174,1 937,3 924,9 
963: 445,4 468,9 
964: 450,5 
965: 675,4 
966: 
967: 716,0 
968: 449,9 378,2 927,7 523,6 782,0 42,9 110,1 594,3 691,0 512,4 442,7 
969: 970,7 276,9 898,6 927,7 144,7 350,9 
970: 
971: 135,5 18,1 790,1 771,4 511,9 
972: 713,3 978,6 
973: 734,2 
974: 566,7 2,5 173,7 667,7 
975: 
976: 
977: 787,6 512,8 872,2 380,3 624,2 262,7 340,6 415,0 888,7 29,8 51,3 176,4 474,7 
978: 376,5 416,5 609,5 456,6 633,0 683,0 280,7 371,1 629,0 405,5 493,8 
979: 
980: 286,2 334,2 769,9 191,3 594,3 995,5 
981: 559,2 980,2 196,0 333,1 468,5 931,9 162,0 212,7 265,4 618,5 
982: 
983: 229,0 798,9 744,9 779,3 691,3 788,3 183,3 535,0 821,9 
984: 616,0 
985: 719,1 
986: 815,9 
987: 265,3 
988: 266,2 
989: 411,6 
990: 157,6 
991: 850,4 
992: 6,3 
993: 
994: 
995: 973,1 85,7 815,3 41,0 287,3 612,6 73,5 69,9 434,7 619,4 435,1 105,2 
996: 
997: 
998: 
999: 462,8 27,5 

A shortest path in the maze
Path Length: 7
Path Cost: 17
Path: 0 843 439 357 188 32 956 999
real 0.17
user 0.54
sys 0.02
