0: 0,5 1,45 2,22 3,16 4,23 5,7 6,22 7,2 8,48 9,49 10,28 11,29 12,4 13,43 14,29 15,5 16,32 17,1 18,42 19,47 20,4 21,2 22,16 23,13 24,40 25,29 26,10 27,21 28,17 29,23 30,34 31,6 32,38 33,4 34,42 35,35 36,6 37,38 38,26 39,26 40,21 41,27 42,46 43,21 44,19 45,8 46,30 47,19 48,13 49,4 50,13 51,48 52,47 53,33 54,38 55,41 56,43 57,27 58,10 59,29 60,35 61,32 62,30 63,45 64,32 65,38 66,37 67,4 68,32 69,13 70,29 71,40 72,10 73,45 74,30 75,1 76,40 77,39 78,22 79,47 80,7 81,28 82,26 83,23 84,49 85,42 86,5 87,29 88,25 89,16 90,16 91,21 92,3 93,33 94,41 95,13 96,45 97,23 98,2 99,23
1: 0,44 1,23 2,20 3,1 4,7 5,5 6,35 7,16 8,49 9,31 10,24 11,23 12,25 13,7 14,45 15,37 16,16 17,23 18,28 19,13 20,12 21,48 22,34 23,21 24,31 25,10 26,36 27,43 28,44 29,22 30,16 31,37 32,23 33,7 34,24 35,32 36,18 37,47 38,8 39,4 40,9 41,39 42,6 43,36 44,12 45,17 46,28 47,29 48,45 49,6 50,31 51,8 52,32 53,9 54,49 55,35 56,25 57,49 58,48 59,22 60,5 61,5 62,38 63,1 64,40 65,35 66,37 67,49 68,22 69,20 70,26 71,3 72,16 73,5 74,7 75,27 76,44 77,40 78,32 79,37 80,48 81,49 82,28 83,28 84,6 85,38 86,40 87,39 88,6 89,42 90,10 91,7 92,44 93,4 94,29 95,31 96,2 97,44 98,35 99,32
2: 0,30 1,0 2,2 3,31 4,31 5,29 6,32 7,9 8,32 9,47 10,17 11,1 12,18 13,24 14,23 15,34 16,33 17,13 18,42 19,7 20,48 21,7 22,28 23,42 24,0 25,5 26,36 27,45 28,7 29,49 30,38 31,18 32,23 33,19 34,39 35,44 36,44 37,44 38,1 39,12 40,13 41,44 42,41 43,36 44,10 45,31 46,5 47,30 48,10 49,39 50,2 51,29 52,27 53,38 54,13 55,21 56,3 57,34 58,31 59,13 60,42 61,14 62,15 63,12 64,0 65,10 66,11 67,10 68,7 69,24 70,17 71,30 72,28 73,43 74,16 75,25 76,2 77,1 78,15 79,1 80,14 81,34 82,2 83,35 84,10 85,15 86,40 87,13 88,27 89,41 90,15 91,5 92,19 93,36 94,34 95,9 96,14 97,4 98,23 99,46
3: 0,40 1,14 2,15 3,26 4,49 5,20 6,6 7,44 8,14 9,30 10,15 11,44 12,34 13,49 14,2 15,40 16,42 17,10 18,17 19,31 20,25 21,0 22,48 23,12 24,7 25,29 26,19 27,34 28,38 29,17 30,48 31,36 32,46 33,23 34,38 35,12 36,1 37,48 38,35 39,4 40,29 41,43 42,20 43,29 44,6 45,9 46,5 47,44 48,13 49,45 50,30 51,27 52,3 53,5 54,6 55,29 56,36 57,24 58,8 59,46 60,1 61,11 62,35 63,8 64,37 65,32 66,35 67,39 68,49 69,45 70,37 71,29 72,35 73,24 74,38 75,39 76,35 77,22 78,42 79,39 80,38 81,3 82,0 83,42 84,5 85,37 86,49 87,45 88,45 89,49 90,36 91,39 92,3 93,17 94,26 95,5 96,10 97,48 98,5 99,36
4: 0,45 1,45 2,46 3,49 4,19 5,25 6,42 7,36 8,49 9,32 10,24 11,32 12,12 13,47 14,46 15,21 16,15 17,17 18,21 19,39 20,24 21,1 22,45 23,2 24,36 25,2 26,14 27,37 28,11 29,35 30,40 31,42 32,16 33,11 34,36 35,37 36,21 37,49 38,20 39,5 40,47 41,13 42,18 43,29 44,22 45,13 46,45 47,34 48,31 49,19 50,34 51,18 52,49 53,41 54,41 55,33 56,19 57,20 58,33 59,21 60,41 61,12 62,12 63,32 64,24 65,31 66,39 67,26 68,26 69,13 70,13 71,42 72,2 73,11 74,20 75,39 76,29 77,30 78,10 79,48 80,18 81,30 82,1 83,27 84,5 85,17 86,18 87,4 88,23 89,0 90,26 91,20 92,39 93,48 94,8 95,35 96,30 97,34 98,32 99,47
5: 0,2 1,11 2,26 3,39 4,0 5,24 6,23 7,16 8,49 9,39 10,27 11,13 12,12 13,40 14,14 15,12 16,3 17,15 18,13 19,43 20,18 21,13 22,24 23,21 24,20 25,27 26,8 27,25 28,43 29,44 30,9 31,24 32,2 33,2 34,13 35,43 36,9 37,18 38,7 39,13 40,42 41,14 42,14 43,42 44,21 45,37 46,23 47,34 48,4 49,7 50,5 51,40 52,25 53,0 54,10 55,44 56,42 57,31 58,38 59,16 60,25 61,20 62,38 63,44 64,29 65,49 66,14 67,1 68,6 69,46 70,15 71,21 72,45 73,11 74,36 75,21 76,1 77,4 78,11 79,2 80,17 81,34 82,9 83,25 84,28 85,30 86,12 87,4 88,43 89,27 90,48 91,4 92,25 93,24 94,49 95,20 96,25 97,48 98,5 99,22
6: 0,45 1,25 2,45 3,49 4,11 5,24 6,26 7,24 8,19 9,28 10,9 11,34 12,6 13,40 14,7 15,25 16,3 17,32 18,32 19,9 20,28 21,20 22,26 23,1 24,10 25,4 26,46 27,10 28,30 29,44 30,23 31,46 32,46 33,38 34,21 35,8 36,6 37,14 38,44 39,35 40,28 41,15 42,7 43,47 44,37 45,22 46,1 47,38 48,23 49,20 50,40 51,49 52,2 53,26 54,34 55,35 56,32 57,19 58,48 59,24 60,42 61,7 62,32 63,16 64,20 65,21 66,10 67,34 68,25 69,4 70,14 71,42 72,47 73,18 74,46 75,37 76,13 77,5 78,47 79,33 80,24 81,21 82,0 83,24 84,9 85,45 86,44 87,48 88,0 89,26 90,43 91,40 92,0 93,15 94,5 95,45 96,0 97,30 98,4 99,44
7: 0,19 1,17 2,45 3,22 4,23 5,22 6,19 7,22 8,48 9,16 10,30 11,2 12,0 13,11 14,7 15,10 16,13 17,27 18,9 19,16 20,41 21,18 22,48 23,49 24,20 25,24 26,14 27,18 28,12 29,12 30,29 31,31 32,3 33,23 34,13 35,10 36,21 37,21 38,9 39,17 40,6 41,43 42,34 43,18 44,23 45,38 46,41 47,39 48,38 49,16 50,14 51,37 52,4 53,32 54,43 55,5 56,25 57,17 58,14 59,16 60,12 61,7 62,46 63,24 64,9 65,10 66,23 67,49 68,30 69,20 70,43 71,11 72,41 73,6 74,20 75,20 76,16 77,42 78,36 79,21 80,41 81,34 82,21 83,25 84,36 85,34 86,7 87,39 88,20 89,27 90,9 91,24 92,12 93,46 94,4 95,40 96,18 97,29 98,42 99,29
8: 0,20 1,2 2,16 3,45 4,6 5,17 6,18 7,4 8,22 9,36 10,7 11,33 12,28 13,27 14,43 15,29 16,26 17,4 18,40 19,39 20,45 21,42 22,6 23,24 24,38 25,16 26,46 27,44 28,22 29,40 30,0 31,34 32,38 33,20 34,47 35,3 36,47 37,44 38,16 39,2 40,22 41,48 42,18 43,29 44,22 45,4 46,26 47,49 48,37 49,23 50,41 51,47 52,19 53,25 54,2 55,44 56,21 57,9 58,31 59,11 60,37 61,27 62,14 63,14 64,17 65,47 66,3 67,40 68,43 69,8 70,45 71,19 72,27 73,27 74,26 75,43 76,39 77,45 78,30 79,15 80,40 81,0 82,45 83,42 84,1 85,17 86,37 87,45 88,7 89,20 90,28 91,36 92,32 93,38 94,28 95,22 96,31 97,23 98,38 99,42
9: 0,21 1,41 2,41 3,13 4,8 5,36 6,29 7,37 8,29 9,5 10,39 11,10 12,39 13,3 14,23 15,9 16,6 17,31 18,31 19,38 20,25 21,34 22,6 23,4 24,11 25,7 26,15 27,13 28,32 29,39 30,48 31,10 32,44 33,3 34,43 35,7 36,45 37,10 38,6 39,22 40,22 41,45 42,14 43,22 44,49 45,5 46,8 47,13 48,31 49,44 50,17 51,44 52,2 53,20 54,1 55,27 56,27 57,20 58,48 59,25 60,31 61,25 62,0 63,23 64,14 65,22 66,36 67,11 68,1 69,7 70,9 71,10 72,21 73,42 74,18 75,30 76,48 77,8 78,15 79,47 80,46 81,45 82,15 83,17 84,17 85,26 86,14 87,38 88,12 89,36 90,20 91,28 92,4 93,13 94,17 95,45 96,4 97,43 98,31 99,43
10: 0,8 1,39 2,42 3,32 4,46 5,37 6,6 7,25 8,0 9,13 10,23 11,8 12,2 13,28 14,0 15,40 16,41 17,47 18,45 19,34 20,20 21,10 22,38 23,18 24,31 25,2 26,31 27,38 28,45 29,22 30,23 31,23 32,4 33,40 34,42 35,35 36,26 37,36 38,3 39,15 40,5 41,46 42,20 43,28 44,8 45,14 46,3 47,5 48,19 49,37 50,9 51,19 52,22 53,28 54,31 55,2 56,20 57,24 58,45 59,9 60,6 61,37 62,15 63,43 64,37 65,24 66,16 67,48 68,30 69,40 70,36 71,45 72,11 73,0 74,35 75,39 76,19 77,36 78,42 79,40 80,32 81,12 82,5 83,28 84,37 85,35 86,48 87,24 88,10 89,8 90,23 91,25 92,48 93,29 94,26 95,4 96,36 97,20 98,40 99,30
11: 0,12 1,12 2,18 3,11 4,42 5,29 6,40 7,9 8,10 9,41 10,4 11,18 12,2 13,39 14,9 15,41 16,28 17,9 18,17 19,10 20,3 21,30 22,38 23,44 24,21 25,9 26,29 27,33 28,46 29,27 30,45 31,6 32,25 33,9 34,16 35,6 36,5 37,6 38,13 39,48 40,13 41,12 42,46 43,9 44,35 45,28 46,8 47,1 48,19 49,0 50,41 51,0 52,25 53,34 54,18 55,25 56,38 57,14 58,24 59,25 60,23 61,2 62,35 63,1 64,10 65,38 66,36 67,14 68,10 69,29 70,2 71,38 72,41 73,14 74,22 75,49 76,24 77,7 78,14 79,40 80,6 81,3 82,2 83,15 84,41 85,7 86,39 87,6 88,5 89,24 90,34 91,33 92,33 93,17 94,43 95,26 96,14 97,1 98,41 99,6
12: 0,4 1,6 2,29 3,11 4,41 5,46 6,6 7,1 8,10 9,11 10,22 11,38 12,31 13,2 14,15 15,30 16,27 17,10 18,42 19,30 20,9 21,40 22,16 23,6 24,18 25,39 26,48 27,47 28,20 29,29 30,16 31,37 32,2 33,24 34,20 35,19 36,30 37,13 38,45 39,8 40,6 41,37 42,46 43,12 44,10 45,32 46,47 47,3 48,0 49,3 50,4 51,14 52,3 53,15 54,45 55,16 56,43 57,8 58,8 59,45 60,26 61,31 62,41 63,6 64,8 65,10 66,24 67,32 68,19 69,4 70,25 71,31 72,45 73,49 74,44 75,5 76,14 77,35 78,4 79,11 80,41 81,6 82,18 83,8 84,47 85,38 86,28 87,5 88,48 89,45 90,40 91,16 92,18 93,8 94,12 95,11 96,0 97,14 98,31 99,22
13: 0,0 1,14 2,25 3,43 4,14 5,47 6,14 7,7 8,43 9,6 10,4 11,7 12,26 13,22 14,9 15,1 16,27 17,5 18,30 19,1 20,3 21,30 22,19 23,29 24,43 25,45 26,28 27,37 28,31 29,19 30,0 31,3 32,35 33,17 34,35 35,28 36,48 37,8 38,43 39,29 40,44 41,22 42,45 43,18 44,40 45,21 46,7 47,47 48,13 49,18 50,47 51,25 52,5 53,16 54,2 55,47 56,45 57,17 58,3 59,26 60,18 61,24 62,36 63,39 64,2 65,34 66,10 67,38 68,5 69,1 70,12 71,13 72,23 73,40 74,30 75,46 76,8 77,33 78,49 79,27 80,26 81,3 82,40 83,35 84,44 85,46 86,46 87,24 88,21 89,15 90,3 91,48 92,9 93,30 94,13 95,32 96,28 97,22 98,19 99,28
14: 0,41 1,14 2,41 3,6 4,15 5,44 6,25 7,43 8,24 9,41 10,44 11,10 12,12 13,31 14,16 15,42 16,12 17,31 18,42 19,40 20,46 21,41 22,6 23,35 24,34 25,48 26,5 27,19 28,22 29,47 30,1 31,25 32,38 33,38 34,20 35,0 36,15 37,35 38,22 39,48 40,22 41,27 42,48 43,27 44,35 45,30 46,45 47,32 48,31 49,44 50,18 51,19 52,10 53,24 54,49 55,0 56,23 57,12 58,2 59,28 60,24 61,18 62,44 63,41 64,40 65,35 66,32 67,17 68,26 69,46 70,44 71,1 72,11 73,0 74,2 75,3 76,40 77,39 78,2 79,36 80,16 81,14 82,2 83,29 84,31 85,9 86,2 87,21 88,13 89,42 90,14 91,48 92,40 93,49 94,43 95,25 96,0 97,31 98,4 99,27
15: 0,5 1,13 2,13 3,32 4,23 5,12 6,27 7,32 8,26 9,15 10,12 11,42 12,4 13,1 14,37 15,10 16,7 17,14 18,49 19,22 20,22 21,20 22,12 23,14 24,36 25,26 26,13 27,15 28,20 29,32 30,13 31,1 32,34 33,7 34,6 35,21 36,46 37,1 38,45 39,0 40,11 41,34 42,16 43,48 44,26 45,44 46,6 47,36 48,23 49,46 50,31 51,46 52,32 53,5 54,18 55,4 56,27 57,48 58,46 59,0 60,18 61,26 62,44 63,24 64,37 65,17 66,43 67,19 68,38 69,40 70,39 71,15 72,19 73,34 74,44 75,46 76,12 77,13 78,10 79,21 80,17 81,11 82,15 83,32 84,46 85,16 86,48 87,48 88,26 89,34 90,0 91,40 92,2 93,14 94,37 95,1 96,0 97,32 98,46 99,27
16: 0,14 1,12 2,4 3,44 4,9 5,31 6,18 7,20 8,21 9,33 10,0 11,30 12,16 13,38 14,35 15,42 16,18 17,31 18,20 19,23 20,30 21,10 22,41 23,34 24,37 25,20 26,16 27,4 28,29 29,19 30,36 31,46 32,21 33,7 34,31 35,48 36,41 37,11 38,30 39,18 40,19 41,17 42,12 43,11 44,8 45,33 46,34 47,30 48,46 49,17 50,44 51,22 52,18 53,36 54,48 55,25 56,34 57,26 58,3 59,15 60,24 61,11 62,39 63,23 64,13 65,24 66,0 67,35 68,12 69,37 70,25 71,17 72,46 73,22 74,48 75,1 76,17 77,25 78,20 79,26 80,12 81,27 82,39 83,16 84,37 85,20 86,37 87,9 88,44 89,27 90,34 91,37 92,14 93,28 94,4 95,38 96,1 97,43 98,21 99,14
17: 0,49 1,23 2,47 3,20 4,21 5,48 6,46 7,48 8,3 9,35 10,23 11,36 12,33 13,46 14,12 15,45 16,42 17,15 18,6 19,10 20,4 21,19 22,15 23,1 24,8 25,47 26,42 27,6 28,24 29,5 30,18 31,12 32,47 33,2 34,34 35,22 36,29 37,21 38,20 39,2 40,3 41,46 42,5 43,24 44,40 45,4 46,37 47,44 48,22 49,35 50,28 51,46 52,1 53,23 54,34 55,45 56,10 57,28 58,30 59,25 60,23 61,27 62,3 63,21 64,31 65,4 66,13 67,19 68,21 69,7 70,3 71,12 72,44 73,40 74,25 75,4 76,7 77,20 78,1 79,3 80,27 81,8 82,43 83,1 84,7 85,42 86,18 87,8 88,1 89,39 90,20 91,30 92,23 93,21 94,46 95,30 96,41 97,31 98,29 99,4
18: 0,28 1,3 2,39 3,14 4,25 5,37 6,4 7,41 8,28 9,11 10,36 11,43 12,10 13,4 14,17 15,12 16,11 17,49 18,3 19,17 20,16 21,44 22,35 23,43 24,48 25,46 26,46 27,33 28,23 29,25 30,3 31,27 32,45 33,6 34,7 35,48 36,2 37,21 38,41 39,30 40,41 41,12 42,45 43,5 44,8 45,21 46,9 47,13 48,25 49,19 50,31 51,22 52,48 53,40 54,36 55,30 56,0 57,19 58,4 59,8 60,33 61,21 62,11 63,24 64,28 65,6 66,48 67,23 68,4 69,21 70,36 71,2 72,32 73,10 74,5 75,43 76,48 77,43 78,25 79,19 80,4 81,19 82,47 83,28 84,11 85,31 86,22 87,41 88,36 89,41 90,37 91,19 92,7 93,5 94,33 95,8 96,22 97,12 98,38 99,34
19: 0,38 1,28 2,11 3,45 4,31 5,0 6,0 7,20 8,41 9,33 10,26 11,19 12,2 13,11 14,15 15,21 16,8 17,12 18,35 19,44 20,2 21,21 22,37 23,42 24,41 25,38 26,13 27,36 28,5 29,23 30,6 31,22 32,44 33,23 34,43 35,30 36,40 37,24 38,17 39,22 40,40 41,14 42,48 43,23 44,45 45,4 46,32 47,6 48,48 49,46 50,11 51,4 52,14 53,7 54,1 55,41 56,7 57,37 58,28 59,12 60,49 61,14 62,49 63,24 64,8 65,4 66,16 67,32 68,39 69,34 70,20 71,47 72,42 73,10 74,37 75,4 76,49 77,12 78,7 79,6 80,5 81,4 82,38 83,41 84,8 85,23 86,1 87,17 88,0 89,34 90,14 91,26 92,43 93,18 94,14 95,33 96,44 97,0 98,13 99,1
20: 0,1 1,24 2,9 3,37 4,2 5,2 6,15 7,28 8,4 9,23 10,42 11,37 12,3 13,42 14,8 15,39 16,47 17,44 18,25 19,26 20,39 21,23 22,21 23,39 24,45 25,46 26,37 27,36 28,31 29,35 30,34 31,17 32,17 33,34 34,24 35,39 36,39 37,3 38,35 39,43 40,0 41,47 42,5 43,12 44,7 45,39 46,0 47,16 48,22 49,18 50,14 51,46 52,23 53,42 54,46 55,20 56,23 57,16 58,40 59,3 60,20 61,19 62,38 63,32 64,27 65,38 66,8 67,9 68,2 69,40 70,44 71,26 72,6 73,20 74,39 75,4 76,42 77,12 78,29 79,31 80,1 81,21 82,32 83,11 84,10 85,27 86,39 87,33 88,5 89,5 90,26 91,48 92,9 93,38 94,37 95,39 96,14 97,8 98,26 99,48
21: 0,6 1,47 2,38 3,5 4,35 5,48 6,4 7,10 8,32 9,19 10,37 11,19 12,29 13,34 14,0 15,27 16,34 17,49 18,1 19,4 20,29 21,16 22,34 23,17 24,18 25,19 26,33 27,33 28,14 29,7 30,24 31,36 32,46 33,49 34,44 35,4 36,29 37,35 38,33 39,20 40,44 41,29 42,38 43,6 44,22 45,31 46,14 47,44 48,13 49,15 50,14 51,29 52,1 53,46 54,32 55,17 56,14 57,15 58,18 59,39 60,21 61,40 62,9 63,3 64,38 65,13 66,10 67,22 68,11 69,20 70,29 71,10 72,41 73,33 74,6 75,12 76,45 77,6 78,47 79,22 80,29 81,31 82,30 83,9 84,49 85,21 86,47 87,49 88,9 89,12 90,10 91,8 92,37 93,21 94,48 95,9 96,0 97,39 98,21 99,47
22: 0,24 1,15 2,0 3,6 4,2 5,24 6,33 7,31 8,5 9,30 10,19 11,22 12,25 13,33 14,24 15,3 16,34 17,14 18,40 19,14 20,19 21,41 22,29 23,27 24,6 25,32 26,37 27,6 28,30 29,9 30,18 31,7 32,9 33,23 34,49 35,27 36,32 37,4 38,13 39,15 40,33 41,41 42,49 43,45 44,21 45,42 46,1 47,16 48,15 49,17 50,46 51,44 52,1 53,39 54,16 55,24 56,47 57,6 58,30 59,13 60,34 61,8 62,19 63,34 64,35 65,29 66,18 67,9 68,8 69,26 70,6 71,1 72,46 73,14 74,25 75,26 76,15 77,21 78,28 79,24 80,8 81,45 82,4 83,13 84,46 85,36 86,24 87,2 88,18 89,11 90,16 91,46 92,25 93,45 94,37 95,41 96,24 97,6 98,31 99,35
23: 0,3 1,45 2,48 3,45 4,38 5,22 6,22 7,1 8,37 9,27 10,15 11,22 12,0 13,48 14,45 15,4 16,9 17,29 18,35 19,24 20,33 21,44 22,34 23,10 24,22 25,35 26,17 27,16 28,17 29,20 30,3 31,19 32,45 33,34 34,46 35,48 36,5 37,22 38,45 39,0 40,24 41,41 42,30 43,47 44,48 45,49 46,42 47,10 48,27 49,16 50,14 51,14 52,17 53,11 54,30 55,25 56,45 57,4 58,11 59,47 60,13 61,48 62,20 63,2 64,36 65,17 66,32 67,34 68,26 69,25 70,39 71,2 72,4 73,12 74,19 75,20 76,27 77,47 78,31 79,30 80,29 81,30 82,23 83,33 84,30 85,3 86,8 87,10 88,16 89,49 90,25 91,19 92,4 93,31 94,4 95,40 96,38 97,12 98,18 99,12
24: 0,9 1,4 2,23 3,34 4,15 5,42 6,27 7,49 8,43 9,17 10,14 11,7 12,2 13,37 14,15 15,31 16,9 17,22 18,33 19,29 20,11 21,14 22,26 23,38 24,23 25,2 26,19 27,38 28,2 29,18 30,14 31,28 32,23 33,5 34,41 35,14 36,37 37,1 38,3 39,21 40,17 41,19 42,28 43,27 44,1 45,47 46,38 47,4 48,3 49,1 50,6 51,30 52,1 53,11 54,42 55,32 56,32 57,27 58,6 59,21 60,35 61,24 62,25 63,43 64,37 65,17 66,46 67,22 68,1 69,11 70,6 71,49 72,22 73,5 74,39 75,1 76,23 77,43 78,47 79,48 80,45 81,39 82,47 83,16 84,14 85,29 86,36 87,27 88,26 89,2 90,43 91,23 92,33 93,36 94,13 95,33 96,49 97,39 98,37 99,23
25: 0,32 1,39 2,7 3,2 4,42 5,9 6,49 7,3 8,36 9,19 10,29 11,32 12,31 13,46 14,47 15,5 16,28 17,35 18,8 19,25 20,19 21,47 22,20 23,41 24,48 25,26 26,38 27,0 28,5 29,44 30,13 31,24 32,33 33,27 34,18 35,48 36,34 37,19 38,14 39,32 40,16 41,21 42,28 43,17 44,8 45,23 46,8 47,10 48,15 49,49 50,17 51,3 52,10 53,35 54,25 55,34 56,12 57,33 58,38 59,44 60,40 61,14 62,47 63,35 64,13 65,11 66,48 67,20 68,47 69,46 70,3 71,33 72,6 73,29 74,34 75,24 76,30 77,20 78,34 79,25 80,0 81,41 82,39 83,2 84,46 85,47 86,20 87,3 88,46 89,45 90,22 91,22 92,7 93,29 94,0 95,11 96,22 97,38 98,43 99,5
26: 0,37 1,25 2,24 3,25 4,45 5,38 6,37 7,16 8,32 9,25 10,7 11,39 12,13 13,7 14,2 15,48 16,43 17,48 18,12 19,19 20,46 21,28 22,40 23,43 24,12 25,5 26,37 27,3 28,43 29,8 30,38 31,29 32,18 33,18 34,41 35,22 36,8 37,20 38,42 39,4 40,38 41,19 42,7 43,1 44,24 45,26 46,41 47,20 48,33 49,21 50,12 51,33 52,33 53,21 54,47 55,2 56,22 57,45 58,46 59,37 60,8 61,22 62,6 63,19 64,6 65,13 66,26 67,7 68,3 69,14 70,19 71,17 72,42 73,27 74,0 75,44 76,20 77,18 78,26 79,8 80,35 81,7 82,16 83,22 84,48 85,43 86,47 87,33 88,47 89,26 90,42 91,41 92,11 93,4 94,27 95,6 96,34 97,8 98,5 99,28
27: 0,44 1,24 2,0 3,7 4,41 5,37 6,43 7,42 8,10 9,5 10,18 11,0 12,26 13,45 14,21 15,24 16,26 17,11 18,6 19,7 20,3 21,3 22,39 23,47 24,17 25,12 26,44 27,4 28,26 29,47 30,44 31,29 32,40 33,49 34,46 35,19 36,24 37,38 38,44 39,15 40,33 41,9 42,2 43,43 44,1 45,43 46,24 47,19 48,49 49,6 50,1 51,5 52,30 53,11 54,12 55,12 56,0 57,26 58,11 59,40 60,2 61,34 62,21 63,20 64,4 65,15 66,4 67,13 68,27 69,32 70,35 71,26 72,3 73,35 74,49 75,6 76,32 77,13 78,26 79,34 80,27 81,41 82,9 83,25 84,45 85,9 86,33 87,11 88,36 89,48 90,49 91,7 92,30 93,7 94,17 95,46 96,10 97,37 98,34 99,3
28: 0,27 1,8 2,23 3,4 4,40 5,10 6,8 7,8 8,40 9,9 10,29 11,10 12,24 13,21 14,3 15,5 16,0 17,5 18,10 19,41 20,35 21,36 22,12 23,21 24,43 25,46 26,20 27,9 28,17 29,32 30,44 31,20 32,33 33,21 34,48 35,49 36,10 37,33 38,27 39,39 40,38 41,39 42,44 43,12 44,44 45,39 46,15 47,48 48,37 49,3 50,45 51,2 52,34 53,34 54,26 55,22 56,45 57,4 58,35 59,7 60,46 61,2 62,1 63,28 64,2 65,48 66,34 67,42 68,23 69,17 70,4 71,11 72,7 73,37 74,2 75,43 76,15 77,20 78,23 79,13 80,42 81,45 82,23 83,38 84,18 85,21 86,30 87,29 88,27 89,10 90,11 91,35 92,16 93,4 94,10 95,38 96,2 97,36 98,38 99,38
29: 0,8 1,13 2,7 3,18 4,27 5,20 6,19 7,26 8,39 9,8 10,27 11,31 12,6 13,15 14,29 15,17 16,13 17,10 18,23 19,28 20,38 21,32 22,20 23,12 24,33 25,15 26,39 27,21 28,12 29,35 30,29 31,7 32,11 33,36 34,34 35,21 36,12 37,14 38,16 39,30 40,31 41,15 42,28 43,48 44,37 45,18 46,9 47,27 48,34 49,10 50,4 51,32 52,27 53,31 54,31 55,32 56,22 57,43 58,39 59,29 60,4 61,40 62,24 63,17 64,44 65,43 66,40 67,26 68,7 69,34 70,49 71,16 72,34 73,46 74,12 75,45 76,17 77,19 78,4 79,34 80,27 81,2 82,8 83,11 84,45 85,43 86,41 87,30 88,9 89,20 90,29 91,34 92,31 93,16 94,20 95,27 96,37 97,6 98,3 99,13
30: 0,36 1,20 2,27 3,33 4,11 5,17 6,22 7,9 8,2 9,24 10,18 11,0 12,34 13,19 14,14 15,46 16,30 17,32 18,23 19,29 20,13 21,8 22,0 23,32 24,2 25,20 26,40 27,36 28,6 29,35 30,41 31,7 32,22 33,45 34,33 35,42 36,30 37,42 38,32 39,48 40,24 41,32 42,28 43,3 44,29 45,4 46,33 47,3 48,27 49,13 50,9 51,33 52,18 53,40 54,2 55,35 56,4 57,13 58,4 59,30 60,14 61,7 62,43 63,14 64,30 65,34 66,3 67,30 68,49 69,44 70,5 71,28 72,41 73,7 74,32 75,11 76,16 77,4 78,31 79,34 80,47 81,32 82,37 83,20 84,27 85,36 86,22 87,1 88,10 89,30 90,42 91,18 92,37 93,7 94,49 95,21 96,0 97,48 98,16 99,8
31: 0,0 1,29 2,10 3,5 4,13 5,49 6,26 7,13 8,43 9,33 10,49 11,42 12,29 13,17 14,30 15,20 16,40 17,32 18,26 19,31 20,18 21,12 22,44 23,18 24,19 25,5 26,15 27,23 28,0 29,40 30,26 31,31 32,1 33,3 34,13 35,44 36,26 37,20 38,18 39,40 40,43 41,34 42,25 43,32 44,18 45,8 46,12 47,16 48,40 49,17 50,25 51,48 52,4 53,36 54,17 55,16 56,5 57,44 58,30 59,23 60,9 61,47 62,24 63,34 64,36 65,14 66,22 67,41 68,38 69,44 70,18 71,31 72,36 73,37 74,3 75,48 76,49 77,24 78,39 79,12 80,14 81,35 82,42 83,19 84,19 85,48 86,4 87,6 88,5 89,45 90,16 91,24 92,14 93,26 94,33 95,5 96,0 97,7 98,20 99,14
32: 0,45 1,32 2,16 3,37 4,3 5,32 6,42 7,13 8,21 9,1 10,3 11,13 12,2 13,25 14,47 15,44 16,2 17,2 18,29 19,0 20,43 21,29 22,0 23,23 24,0 25,31 26,24 27,37 28,25 29,6 30,48 31,33 32,39 33,28 34,13 35,49 36,45 37,2 38,18 39,35 40,25 41,44 42,29 43,37 44,8 45,36 46,3 47,39 48,48 49,2 50,16 51,32 52,47 53,4 54,43 55,35 56,38 57,16 58,7 59,23 60,14 61,49 62,25 63,38 64,10 65,24 66,9 67,48 68,47 69,15 70,14 71,13 72,3 73,40 74,24 75,19 76,48 77,40 78,32 79,15 80,47 81,26 82,31 83,11 84,9 85,23 86,37 87,14 88,33 89,13 90,26 91,39 92,17 93,49 94,48 95,2 96,32 97,31 98,33 99,47
33: 0,36 1,38 2,12 3,17 4,34 5,2 6,37 7,39 8,22 9,27 10,43 11,14 12,29 13,13 14,43 15,27 16,31 17,43 18,38 19,0 20,10 21,7 22,12 23,14 24,33 25,22 26,35 27,47 28,16 29,47 30,8 31,38 32,37 33,34 34,42 35,43 36,8 37,37 38,46 39,33 40,16 41,14 42,9 43,48 44,17 45,34 46,39 47,31 48,40 49,42 50,36 51,22 52,39 53,40 54,20 55,27 56,35 57,12 58,13 59,3 60,28 61,21 62,21 63,0 64,47 65,21 66,24 67,12 68,1 69,0 70,17 71,41 72,16 73,48 74,31 75,1 76,21 77,9 78,0 79,18 80,37 81,19 82,34 83,4 84,17 85,47 86,0 87,7 88,19 89,7 90,2 91,40 92,12 93,35 94,1 95,35 96,16 97,2 98,26 99,36
34: 0,3 1,38 2,16 3,19 4,33 5,15 6,27 7,24 8,37 9,5 10,34 11,12 12,7 13,47 14,19 15,33 16,25 17,30 18,45 19,44 20,45 21,20 22,13 23,31 24,12 25,43 26,31 27,0 28,35 29,10 30,48 31,49 32,49 33,0 34,31 35,47 36,34 37,21 38,38 39,15 40,11 41,40 42,19 43,23 44,26 45,0 46,18 47,10 48,48 49,11 50,39 51,14 52,35 53,48 54,0 55,30 56,46 57,16 58,16 59,25 60,12 61,14 62,40 63,26 64,43 65,44 66,3 67,15 68,15 69,42 70,13 71,26 72,40 73,48 74,27 75,32 76,25 77,34 78,23 79,43 80,27 81,22 82,31 83,30 84,32 85,7 86,24 87,38 88,31 89,12 90,20 91,1 92,4 93,48 94,18 95,41 96,40 97,18 98,17 99,45
35: 0,28 1,11 2,41 3,28 4,25 5,36 6,46 7,17 8,44 9,37 10,11 11,21 12,47 13,26 14,49 15,42 16,8 17,6 18,3 19,28 20,22 21,36 22,17 23,18 24,37 25,25 26,2 27,32 28,10 29,1 30,48 31,22 32,32 33,21 34,45 35,25 36,10 37,13 38,16 39,34 40,45 41,5 42,29 43,40 44,48 45,47 46,43 47,34 48,32 49,38 50,45 51,41 52,25 53,35 54,8 55,8 56,7 57,12 58,35 59,36 60,13 61,16 62,40 63,13 64,1 65,31 66,40 67,12 68,34 69,37 70,38 71,38 72,12 73,4 74,47 75,1 76,18 77,26 78,31 79,47 80,6 81,1 82,16 83,45 84,35 85,12 86,8 87,42 88,0 89,19 90,23 91,27 92,46 93,49 94,36 95,10 96,47 97,35 98,40 99,28
36: 0,11 1,43 2,11 3,20 4,6 5,13 6,46 7,11 8,36 9,2 10,38 11,2 12,49 13,32 14,24 15,0 16,23 17,2 18,19 19,42 20,1 21,1 22,8 23,45 24,11 25,6 26,11 27,44 28,19 29,35 30,7 31,46 32,13 33,23 34,21 35,35 36,49 37,12 38,23 39,30 40,37 41,2 42,47 43,17 44,9 45,49 46,13 47,23 48,2 49,47 50,5 51,25 52,20 53,40 54,11 55,30 56,46 57,8 58,30 59,22 60,14 61,16 62,10 63,42 64,5 65,17 66,43 67,32 68,32 69,15 70,46 71,13 72,36 73,14 74,43 75,35 76,47 77,5 78,9 79,20 80,29 81,28 82,24 83,23 84,7 85,16 86,4 87,6 88,29 89,20 90,31 91,47 92,23 93,25 94,16 95,31 96,27 97,23 98,10 99,19
37: 0,17 1,18 2,11 3,6 4,47 5,6 6,40 7,12 8,35 9,24 10,43 11,4 12,47 13,1 14,28 15,34 16,29 17,17 18,27 19,27 20,23 21,8 22,47 23,26 24,15 25,49 26,9 27,13 28,10 29,0 30,26 31,23 32,21 33,36 34,9 35,1 36,11 37,31 38,45 39,47 40,21 41,13 42,39 43,40 44,31 45,20 46,17 47,5 48,33 49,37 50,17 51,29 52,39 53,47 54,22 55,12 56,9 57,28 58,33 59,37 60,13 61,39 62,22 63,17 64,3 65,34 66,22 67,41 68,48 69,11 70,19 71,16 72,40 73,31 74,12 75,34 76,33 77,11 78,23 79,23 80,23 81,28 82,0 83,4 84,24 85,23 86,43 87,30 88,6 89,16 90,2 91,27 92,47 93,16 94,23 95,48 96,46 97,20 98,5 99,48
38: 0,42 1,0 2,31 3,40 4,21 5,37 6,5 7,40 8,19 9,12 10,5 11,45 12,17 13,41 14,10 15,42 16,46 17,18 18,49 19,44 20,0 21,14 22,34 23,6 24,4 25,47 26,35 27,46 28,37 29,8 30,19 31,33 32,35 33,42 34,12 35,10 36,16 37,31 38,49 39,15 40,35 41,3 42,5 43,6 44,18 45,4 46,18 47,27 48,43 49,38 50,17 51,34 52,13 53,4 54,41 55,47 56,10 57,46 58,31 59,6 60,10 61,2 62,39 63,33 64,11 65,41 66,24 67,48 68,3 69,26 70,9 71,4 72,19 73,33 74,37 75,41 76,12 77,14 78,4 79,31 80,0 81,33 82,14 83,2 84,13 85,9 86,33 87,6 88,29 89,14 90,28 91,47 92,8 93,36 94,15 95,24 96,16 97,40 98,19 99,17
39: 0,17 1,27 2,43 3,41 4,43 5,7 6,15 7,45 8,0 9,0 10,15 11,46 12,30 13,1 14,31 15,21 16,37 17,24 18,8 19,4 20,27 21,47 22,25 23,3 24,43 25,10 26,20 27,23 28,21 29,5 30,34 31,4 32,35 33,13 34,39 35,49 36,31 37,39 38,22 39,41 40,7 41,32 42,28 43,7 44,37 45,9 46,41 47,47 48,0 49,49 50,6 51,6 52,22 53,36 54,44 55,9 56,7 57,7 58,7 59,47 60,9 61,47 62,25 63,9 64,0 65,41 66,21 67,39 68,2 69,25 70,48 71,0 72,16 73,46 74,33 75,14 76,47 77,39 78,33 79,22 80,1 81,11 82,27 83,23 84,14 85,31 86,14 87,27 88,28 89,24 90,18 91,33 92,31 93,3 94,21 95,13 96,43 97,44 98,25 99,47
40: 0,35 1,12 2,37 3,14 4,46 5,49 6,21 7,49 8,9 9,32 10,5 11,2 12,21 13,11 14,6 15,38 16,20 17,8 18,49 19,14 20,7 21,29 22,34 23,1 24,27 25,18 26,12 27,48 28,33 29,49 30,18 31,27 32,44 33,27 34,0 35,33 36,23 37,34 38,31 39,18 40,40 41,2 42,21 43,3 44,1 45,13 46,23 47,2 48,17 49,8 50,40 51,17 52,17 53,26 54,24 55,2 56,43 57,45 58,32 59,18 60,12 61,23 62,38 63,24 64,23 65,30 66,48 67,4 68,28 69,38 70,15 71,44 72,42 73,14 74,45 75,36 76,42 77,29 78,31 79,34 80,23 81,34 82,38 83,1 84,37 85,10 86,6 87,19 88,30 89,49 90,7 91,35 92,33 93,3 94,41 95,25 96,17 97,7 98,4 99,46
41: 0,45 1,2 2,5 3,30 4,24 5,14 6,3 7,12 8,19 9,1 10,11 11,3 12,24 13,31 14,2 15,41 16,24 17,1 18,11 19,46 20,14 21,41 22,35 23,29 24,3 25,49 26,1 27,40 28,25 29,1 30,32 31,23 32,26 33,17 34,1 35,34 36,45 37,24 38,12 39,35 40,28 41,4 42,28 43,49 44,29 45,42 46,33 47,4 48,1 49,25 50,31 51,20 52,37 53,10 54,10 55,48 56,14 57,34 58,21 59,1 60,12 61,46 62,21 63,25 64,29 65,5 66,26 67,7 68,38 69,47 70,13 71,48 72,3 73,46 74,4 75,23 76,4 77,14 78,45 79,38 80,24 81,25 82,31 83,2 84,27 85,13 86,27 87,26 88,23 89,15 90,8 91,17 92,28 93,45 94,39 95,7 96,11 97,6 98,2 99,37
42: 0,5 1,11 2,32 3,48 4,9 5,30 6,32 7,45 8,14 9,0 10,3 11,42 12,5 13,8 14,19 15,31 16,14 17,15 18,34 19,29 20,19 21,37 22,20 23,32 24,47 25,36 26,25 27,2 28,34 29,44 30,10 31,6 32,20 33,1 34,33 35,16 36,16 37,22 38,39 39,7 40,32 41,20 42,36 43,19 44,19 45,33 46,46 47,14 48,43 49,36 50,23 51,44 52,23 53,43 54,18 55,48 56,45 57,33 58,49 59,4 60,0 61,5 62,44 63,18 64,13 65,6 66,42 67,36 68,11 69,43 70,11 71,18 72,9 73,24 74,12 75,13 76,30 77,17 78,15 79,45 80,19 81,2 82,4 83,23 84,48 85,17 86,21 87,46 88,46 89,12 90,13 91,32 92,1 93,37 94,37 95,37 96,41 97,4 98,27 99,15
43: 0,9 1,7 2,30 3,43 4,12 5,16 6,12 7,9 8,41 9,25 10,38 11,38 12,12 13,25 14,30 15,17 16,13 17,40 18,2 19,42 20,12 21,46 22,32 23,30 24,12 25,30 26,49 27,18 28,46 29,42 30,40 31,25 32,38 33,14 34,27 35,13 36,9 37,34 38,27 39,37 40,14 41,39 42,7 43,28 44,19 45,14 46,29 47,5 48,49 49,47 50,41 51,31 52,49 53,2 54,35 55,45 56,12 57,34 58,16 59,41 60,2 61,45 62,18 63,47 64,25 65,2 66,42 67,42 68,6 69,36 70,47 71,48 72,42 73,24 74,0 75,18 76,3 77,26 78,24 79,45 80,18 81,13 82,9 83,7 84,10 85,44 86,2 87,41 88,47 89,49 90,28 91,9 92,44 93,22 94,43 95,32 96,23 97,14 98,12 99,6
44: 0,47 1,47 2,25 3,8 4,21 5,36 6,20 7,34 8,30 9,45 10,28 11,4 12,20 13,49 14,39 15,41 16,0 17,42 18,35 19,45 20,27 21,3 22,17 23,42 24,5 25,5 26,1 27,31 28,35 29,17 30,27 31,12 32,31 33,48 34,3 35,39 36,34 37,40 38,13 39,25 40,7 41,5 42,30 43,13 44,1 45,4 46,31 47,20 48,31 49,37 50,40 51,36 52,48 53,32 54,22 55,36 56,1 57,42 58,30 59,34 60,19 61,10 62,33 63,28 64,21 65,47 66,32 67,14 68,23 69,1 70,47 71,32 72,31 73,31 74,12 75,20 76,37 77,8 78,10 79,14 80,10 81,31 82,32 83,2 84,36 85,36 86,8 87,36 88,0 89,17 90,10 91,10 92,9 93,41 94,17 95,48 96,38 97,38 98,44 99,47
45: 0,8 1,36 2,18 3,8 4,30 5,22 6,27 7,21 8,20 9,17 10,37 11,15 12,21 13,10 14,7 15,11 16,39 17,7 18,26 19,45 20,45 21,1 22,6 23,11 24,0 25,14 26,9 27,30 28,4 29,37 30,43 31,42 32,15 33,32 34,20 35,2 36,25 37,41 38,28 39,38 40,15 41,41 42,21 43,13 44,18 45,46 46,12 47,9 48,5 49,34 50,47 51,33 52,39 53,25 54,21 55,19 56,19 57,48 58,25 59,24 60,36 61,30 62,26 63,4 64,10 65,22 66,4 67,8 68,35 69,14 70,23 71,12 72,12 73,0 74,20 75,46 76,35 77,16 78,3 79,18 80,48 81,39 82,48 83,39 84,48 85,22 86,20 87,17 88,40 89,15 90,49 91,9 92,9 93,44 94,13 95,16 96,20 97,39 98,14 99,5
46: 0,15 1,15 2,6 3,7 4,18 5,42 6,7 7,24 8,12 9,42 10,47 11,35 12,39 13,36 14,38 15,18 16,5 17,0 18,34 19,33 20,9 21,49 22,37 23,21 24,34 25,18 26,3 27,16 28,32 29,7 30,4 31,24 32,24 33,33 34,49 35,5 36,34 37,46 38,29 39,6 40,43 41,7 42,33 43,23 44,44 45,31 46,4 47,2 48,40 49,12 50,12 51,18 52,41 53,15 54,0 55,10 56,49 57,19 58,17 59,34 60,47 61,37 62,15 63,37 64,38 65,0 66,40 67,44 68,36 69,42 70,11 71,12 72,8 73,45 74,37 75,8 76,25 77,24 78,45 79,4 80,24 81,45 82,48 83,25 84,23 85,49 86,5 87,37 88,15 89,1 90,37 91,0 92,5 93,46 94,42 95,25 96,33 97,13 98,7 99,1
47: 0,39 1,13 2,39 3,20 4,27 5,43 6,45 7,42 8,34 9,38 10,3 11,21 12,17 13,9 14,11 15,15 16,46 17,28 18,13 19,4 20,3 21,48 22,16 23,30 24,26 25,18 26,48 27,24 28,34 29,40 30,49 31,22 32,22 33,8 34,40 35,22 36,21 37,2 38,14 39,48 40,42 41,28 42,47 43,21 44,16 45,41 46,34 47,25 48,23 49,41 50,10 51,35 52,30 53,1 54,25 55,16 56,2 57,3 58,49 59,25 60,4 61,30 62,13 63,17 64,11 65,4 66,10 67,27 68,15 69,27 70,28 71,9 72,27 73,27 74,38 75,16 76,39 77,17 78,16 79,37 80,10 81,27 82,3 83,31 84,39 85,36 86,10 87,15 88,37 89,5 90,9 91,31 92,26 93,48 94,41 95,38 96,47 97,49 98,13 99,26
48: 0,46 1,30 2,6 3,23 4,18 5,23 6,19 7,3 8,15 9,9 10,31 11,45 12,7 13,17 14,30 15,17 16,44 17,11 18,0 19,37 20,27 21,17 22,15 23,42 24,45 25,17 26,13 27,12 28,36 29,22 30,12 31,17 32,32 33,33 34,1 35,30 36,46 37,1 38,44 39,13 40,12 41,29 42,2 43,7 44,12 45,6 46,5 47,9 48,28 49,9 50,49 51,20 52,16 53,28 54,11 55,35 56,7 57,16 58,2 59,28 60,32 61,32 62,25 63,24 64,22 65,37 66,49 67,44 68,9 69,16 70,32 71,1 72,25 73,5 74,27 75,35 76,49 77,33 78,6 79,6 80,30 81,35 82,25 83,35 84,41 85,25 86,48 87,14 88,25 89,43 90,9 91,46 92,22 93,45 94,6 95,8 96,5 97,47 98,8 99,24
49: 0,16 1,40 2,19 3,32 4,49 5,10 6,8 7,5 8,16 9,2 10,7 11,28 12,25 13,43 14,30 15,9 16,19 17,18 18,36 19,22 20,33 21,7 22,25 23,42 24,38 25,17 26,34 27,31 28,23 29,48 30,29 31,1 32,33 33,34 34,36 35,31 36,10 37,48 38,48 39,48 40,1 41,33 42,38 43,36 44,3 45,10 46,5 47,34 48,8 49,17 50,6 51,48 52,27 53,24 54,2 55,3 56,48 57,2 58,27 59,17 60,49 61,43 62,38 63,8 64,28 65,16 66,5 67,2 68,49 69,14 70,34 71,43 72,14 73,14 74,20 75,11 76,14 77,12 78,21 79,40 80,41 81,24 82,14 83,10 84,44 85,14 86,13 87,41 88,13 89,24 90,15 91,11 92,19 93,15 94,15 95,24 96,23 97,11 98,5 99,22
50: 0,9 1,20 2,10 3,45 4,11 5,36 6,26 7,9 8,27 9,3 10,45 11,27 12,1 13,4 14,4 15,34 16,33 17,22 18,31 19,17 20,4 21,43 22,3 23,12 24,39 25,34 26,6 27,11 28,19 29,23 30,17 31,37 32,47 33,25 34,14 35,25 36,32 37,19 38,9 39,46 40,6 41,31 42,43 43,23 44,29 45,4 46,12 47,11 48,46 49,4 50,44 51,30 52,29 53,34 54,4 55,16 56,12 57,49 58,32 59,36 60,13 61,42 62,18 63,28 64,2 65,10 66,4 67,39 68,15 69,37 70,16 71,43 72,10 73,9 74,48 75,30 76,9 77,31 78,42 79,15 80,29 81,27 82,47 83,41 84,36 85,21 86,44 87,18 88,4 89,33 90,34 91,27 92,34 93,4 94,41 95,45 96,10 97,35 98,7 99,24
51: 0,43 1,21 2,30 3,36 4,15 5,42 6,33 7,44 8,16 9,25 10,23 11,30 12,45 13,47 14,2 15,7 16,19 17,25 18,42 19,30 20,21 21,16 22,33 23,1 24,42 25,17 26,40 27,22 28,43 29,24 30,30 31,25 32,21 33,36 34,18 35,6 36,8 37,28 38,46 39,46 40,11 41,28 42,26 43,33 44,13 45,38 46,7 47,45 48,41 49,34 50,49 51,35 52,19 53,6 54,20 55,18 56,7 57,34 58,47 59,11 60,47 61,2 62,7 63,49 64,48 65,34 66,15 67,38 68,33 69,15 70,17 71,22 72,44 73,31 74,1 75,23 76,15 77,3 78,6 79,27 80,49 81,36 82,7 83,17 84,19 85,34 86,38 87,17 88,14 89,30 90,32 91,45 92,3 93,36 94,3 95,9 96,39 97,4 98,39 99,23
52: 0,2 1,29 2,19 3,1 4,20 5,30 6,32 7,7 8,41 9,28 10,30 11,22 12,28 13,17 14,6 15,37 16,43 17,16 18,16 19,36 20,33 21,31 22,19 23,44 24,44 25,49 26,13 27,43 28,16 29,0 30,29 31,42 32,38 33,10 34,9 35,39 36,28 37,13 38,6 39,37 40,5 41,41 42,35 43,29 44,10 45,38 46,44 47,6 48,4 49,47 50,1 51,3 52,18 53,33 54,48 55,35 56,5 57,8 58,48 59,37 60,13 61,30 62,27 63,6 64,8 65,39 66,31 67,33 68,32 69,40 70,33 71,13 72,13 73,7 74,22 75,19 76,25 77,28 78,6 79,26 80,49 81,43 82,28 83,5 84,49 85,7 86,13 87,3 88,9 89,1 90,23 91,30 92,8 93,30 94,44 95,44 96,1 97,21 98,28 99,14
53: 0,22 1,42 2,29 3,25 4,11 5,3 6,35 7,9 8,8 9,47 10,7 11,32 12,36 13,0 14,18 15,0 16,43 17,0 18,24 19,27 20,39 21,28 22,31 23,39 24,11 25,20 26,43 27,26 28,42 29,27 30,43 31,24 32,48 33,1 34,32 35,2 36,30 37,33 38,3 39,49 40,31 41,14 42,38 43,29 44,0 45,21 46,47 47,35 48,49 49,18 50,14 51,48 52,14 53,41 54,43 55,10 56,11 57,28 58,28 59,29 60,25 61,10 62,1 63,8 64,34 65,48 66,49 67,41 68,42 69,25 70,15 71,24 72,25 73,47 74,6 75,13 76,38 77,48 78,8 79,43 80,44 81,41 82,13 83,43 84,15 85,26 86,46 87,27 88,5 89,35 90,6 91,39 92,25 93,0 94,46 95,5 96,45 97,40 98,26 99,25
54: 0,2 1,14 2,1 3,1 4,46 5,48 6,24 7,23 8,8 9,41 10,25 11,3 12,27 13,45 14,38 15,49 16,20 17,23 18,23 19,4 20,10 21,38 22,42 23,9 24,2 25,0 26,1 27,17 28,9 29,43 30,46 31,40 32,28 33,40 34,23 35,36 36,13 37,9 38,14 39,2 40,0 41,37 42,42 43,41 44,31 45,39 46,37 47,25 48,15 49,19 50,7 51,2 52,4 53,18 54,14 55,39 56,32 57,33 58,32 59,42 60,47 61,32 62,15 63,3 64,28 65,16 66,11 67,11 68,7 69,9 70,7 71,4 72,22 73,31 74,49 75,16 76,0 77,9 78,15 79,31 80,31 81,14 82,2 83,12 84,18 85,11 86,11 87,5 88,22 89,24 90,17 91,22 92,21 93,19 94,4 95,26 96,43 97,18 98,40 99,23
55: 0,28 1,44 2,3 3,11 4,21 5,12 6,10 7,33 8,38 9,19 10,47 11,14 12,46 13,14 14,46 15,28 16,2 17,47 18,17 19,12 20,33 21,36 22,30 23,15 24,37 25,15 26,14 27,19 28,32 29,5 30,42 31,35 32,32 33,46 34,44 35,34 36,17 37,9 38,8 39,3 40,13 41,0 42,12 43,29 44,4 45,42 46,39 47,6 48,37 49,49 50,33 51,47 52,12 53,45 54,33 55,22 56,25 57,41 58,28 59,25 60,20 61,1 62,24 63,41 64,43 65,43 66,48 67,25 68,39 69,38 70,19 71,43 72,6 73,22 74,42 75,28 76,37 77,34 78,41 79,25 80,41 81,10 82,34 83,24 84,44 85,28 86,9 87,33 88,47 89,47 90,10 91,39 92,12 93,45 94,49 95,10 96,18 97,38 98,19 99,39
56: 0,34 1,24 2,33 3,32 4,14 5,44 6,33 7,44 8,47 9,30 10,47 11,0 12,30 13,38 14,2 15,38 16,34 17,10 18,34 19,47 20,36 21,19 22,5 23,35 24,47 25,47 26,8 27,23 28,38 29,8 30,49 31,16 32,38 33,24 34,21 35,7 36,45 37,19 38,5 39,32 40,48 41,47 42,29 43,38 44,0 45,25 46,25 47,36 48,44 49,41 50,43 51,12 52,14 53,30 54,11 55,48 56,1 57,4 58,25 59,34 60,21 61,21 62,12 63,28 64,47 65,32 66,1 67,12 68,12 69,1 70,32 71,41 72,38 73,27 74,28 75,26 76,34 77,36 78,24 79,30 80,44 81,27 82,28 83,31 84,29 85,40 86,24 87,13 88,43 89,29 90,26 91,30 92,43 93,25 94,20 95,13 96,48 97,49 98,25 99,21
57: 0,40 1,3 2,6 3,30 4,44 5,10 6,2 7,47 8,49 9,18 10,6 11,31 12,8 13,9 14,30 15,34 16,47 17,6 18,22 19,38 20,25 21,32 22,8 23,7 24,36 25,35 26,19 27,25 28,40 29,34 30,38 31,37 32,28 33,0 34,19 35,16 36,42 37,0 38,19 39,44 40,36 41,3 42,31 43,43 44,41 45,17 46,27 47,0 48,5 49,4 50,26 51,8 52,2 53,27 54,39 55,41 56,19 57,0 58,32 59,42 60,4 61,33 62,9 63,34 64,34 65,22 66,35 67,27 68,23 69,4 70,26 71,7 72,32 73,4 74,30 75,44 76,32 77,37 78,28 79,32 80,39 81,7 82,38 83,25 84,21 85,19 86,26 87,25 88,14 89,17 90,11 91,34 92,46 93,8 94,49 95,15 96,22 97,2 98,23 99,20
58: 0,33 1,42 2,10 3,9 4,43 5,28 6,41 7,28 8,18 9,17 10,49 11,10 12,20 13,44 14,14 15,0 16,21 17,28 18,2 19,36 20,26 21,48 22,34 23,15 24,26 25,8 26,13 27,15 28,31 29,21 30,22 31,43 32,13 33,41 34,40 35,39 36,34 37,25 38,33 39,20 40,2 41,22 42,31 43,24 44,45 45,0 46,9 47,12 48,33 49,12 50,44 51,6 52,28 53,35 54,43 55,39 56,16 57,10 58,24 59,40 60,26 61,7 62,15 63,17 64,11 65,38 66,11 67,32 68,46 69,27 70,7 71,10 72,25 73,16 74,24 75,26 76,5 77,20 78,43 79,12 80,17 81,21 82,26 83,12 84,14 85,44 86,20 87,12 88,0 89,30 90,42 91,10 92,13 93,36 94,36 95,26 96,25 97,31 98,16 99,40
59: 0,44 1,4 2,18 3,1 4,26 5,0 6,25 7,24 8,21 9,3 10,4 11,38 12,29 13,5 14,43 15,33 16,16 17,18 18,16 19,44 20,14 21,29 22,0 23,42 24,16 25,49 26,9 27,20 28,1 29,46 30,11 31,11 32,4 33,21 34,2 35,16 36,1 37,29 38,5 39,42 40,36 41,7 42,39 43,20 44,43 45,49 46,24 47,24 48,45 49,3 50,35 51,36 52,1 53,6 54,41 55,39 56,29 57,7 58,27 59,26 60,44 61,16 62,35 63,16 64,3 65,29 66,47 67,29 68,23 69,18 70,22 71,10 72,18 73,21 74,4 75,36 76,6 77,44 78,9 79,47 80,6 81,43 82,0 83,0 84,3 85,13 86,41 87,5 88,37 89,21 90,6 91,48 92,21 93,27 94,26 95,32 96,31 97,47 98,37 99,21
60: 0,15 1,4 2,3 3,11 4,8 5,33 6,21 7,27 8,23 9,33 10,42 11,1 12,0 13,36 14,25 15,19 16,10 17,20 18,0 19,43 20,34 21,45 22,36 23,28 24,15 25,0 26,25 27,25 28,9 29,37 30,14 31,11 32,48 33,21 34,31 35,20 36,29 37,30 38,31 39,39 40,2 41,36 42,38 43,33 44,14 45,28 46,33 47,0 48,19 49,41 50,9 51,21 52,11 53,7 54,26 55,35 56,25 57,1 58,41 59,10 60,15 61,13 62,1 63,22 64,16 65,9 66,30 67,21 68,12 69,44 70,24 71,38 72,16 73,1 74,44 75,46 76,47 77,16 78,38 79,13 80,47 81,40 82,25 83,23 84,12 85,20 86,17 87,18 88,16 89,31 90,11 91,26 92,20 93,11 94,37 95,40 96,12 97,38 98,25 99,22
61: 0,48 1,39 2,34 3,12 4,14 5,28 6,21 7,33 8,33 9,43 10,38 11,39 12,38 13,24 14,44 15,22 16,5 17,4 18,21 19,4 20,5 21,12 22,41 23,22 24,45 25,37 26,27 27,31 28,46 29,12 30,3 31,1 32,41 33,1 34,29 35,31 36,5 37,9 38,36 39,34 40,37 41,29 42,0 43,18 44,41 45,40 46,18 47,22 48,29 49,11 50,22 51,20 52,35 53,34 54,1 55,12 56,8 57,8 58,25 59,34 60,36 61,37 62,0 63,8 64,17 65,38 66,37 67,42 68,4 69,33 70,46 71,15 72,45 73,30 74,11 75,28 76,38 77,12 78,5 79,0 80,1 81,17 82,31 83,44 84,40 85,10 86,48 87,20 88,32 89,13 90,21 91,14 92,34 93,39 94,45 95,41 96,16 97,19 98,28 99,38
62: 0,0 1,7 2,34 3,34 4,27 5,41 6,34 7,14 8,38 9,32 10,6 11,33 12,18 13,20 14,23 15,19 16,10 17,23 18,13 19,47 20,32 21,27 22,24 23,38 24,38 25,19 26,48 27,39 28,35 29,35 30,14 31,12 32,11 33,17 34,21 35,6 36,22 37,3 38,40 39,38 40,20 41,39 42,42 43,46 44,13 45,30 46,35 47,26 48,31 49,13 50,32 51,8 52,27 53,4 54,6 55,40 56,49 57,25 58,16 59,12 60,37 61,26 62,35 63,13 64,30 65,7 66,24 67,1 68,14 69,3 70,21 71,22 72,6 73,29 74,24 75,13 76,0 77,21 78,25 79,26 80,16 81,3 82,23 83,3 84,36 85,32 86,1 87,43 88,34 89,37 90,32 91,42 92,14 93,10 94,13 95,33 96,44 97,22 98,24 99,6
63: 0,15 1,26 2,30 3,20 4,43 5,31 6,36 7,48 8,22 9,46 10,41 11,2 12,25 13,44 14,9 15,7 16,3 17,35 18,2 19,28 20,41 21,22 22,46 23,31 24,39 25,20 26,26 27,20 28,33 29,33 30,5 31,6 32,14 33,7 34,39 35,17 36,15 37,34 38,27 39,6 40,25 41,10 42,29 43,45 44,8 45,42 46,19 47,2 48,2 49,23 50,9 51,24 52,30 53,31 54,47 55,17 56,40 57,5 58,24 59,22 60,23 61,38 62,17 63,20 64,19 65,41 66,41 67,11 68,40 69,7 70,1 71,42 72,28 73,13 74,18 75,0 76,47 77,11 78,6 79,45 80,6 81,45 82,11 83,0 84,40 85,11 86,48 87,10 88,36 89,37 90,4 91,5 92,15 93,3 94,30 95,27 96,5 97,45 98,13 99,46
64: 0,29 1,0 2,23 3,46 4,7 5,5 6,10 7,25 8,5 9,11 10,31 11,30 12,7 13,47 14,10 15,5 16,31 17,39 18,43 19,23 20,27 21,38 22,14 23,21 24,25 25,17 26,15 27,44 28,20 29,38 30,41 31,19 32,49 33,35 34,22 35,48 36,2 37,37 38,22 39,37 40,26 41,35 42,47 43,1 44,34 45,39 46,6 47,41 48,41 49,45 50,49 51,32 52,27 53,10 54,3 55,47 56,19 57,15 58,17 59,8 60,25 61,30 62,13 63,27 64,6 65,40 66,31 67,23 68,16 69,25 70,41 71,14 72,13 73,44 74,43 75,38 76,2 77,18 78,29 79,24 80,9 81,29 82,16 83,29 84,11 85,25 86,10 87,10 88,8 89,24 90,30 91,46 92,29 93,12 94,26 95,18 96,40 97,2 98,40 99,2
65: 0,15 1,47 2,40 3,7 4,7 5,29 6,35 7,1 8,16 9,18 10,14 11,27 12,47 13,27 14,29 15,14 16,16 17,19 18,29 19,25 20,38 21,41 22,14 23,6 24,33 25,14 26,43 27,4 28,1 29,24 30,30 31,6 32,7 33,35 34,5 35,46 36,31 37,44 38,37 39,32 40,23 41,2 42,34 43,7 44,40 45,6 46,16 47,43 48,41 49,45 50,16 51,13 52,13 53,10 54,25 55,25 56,34 57,41 58,20 59,23 60,24 61,48 62,20 63,21 64,41 65,46 66,38 67,39 68,23 69,39 70,22 71,40 72,27 73,7 74,44 75,36 76,12 77,49 78,49 79,25 80,32 81,49 82,35 83,39 84,18 85,10 86,26 87,37 88,38 89,10 90,17 91,43 92,48 93,12 94,45 95,33 96,4 97,2 98,20 99,22
66: 0,22 1,20 2,29 3,37 4,8 5,43 6,22 7,18 8,32 9,39 10,24 11,15 12,20 13,18 14,38 15,45 16,36 17,12 18,28 19,19 20,7 21,25 22,15 23,8 24,4 25,42 26,0 27,31 28,2 29,13 30,15 31,24 32,35 33,33 34,42 35,28 36,47 37,46 38,15 39,12 40,34 41,13 42,36 43,16 44,13 45,15 46,33 47,1 48,38 49,13 50,46 51,10 52,6 53,9 54,37 55,11 56,5 57,44 58,11 59,35 60,9 61,7 62,41 63,3 64,46 65,13 66,49 67,42 68,36 69,48 70,4 71,35 72,42 73,4 74,44 75,0 76,8 77,39 78,29 79,41 80,38 81,45 82,3 83,11 84,10 85,36 86,37 87,9 88,7 89,34 90,26 91,14 92,14 93,19 94,42 95,21 96,10 97,11 98,36 99,13
67: 0,23 1,3 2,5 3,2 4,43 5,28 6,5 7,44 8,14 9,10 10,39 11,12 12,45 13,35 14,43 15,13 16,36 17,38 18,45 19,47 20,0 21,14 22,39 23,21 24,46 25,20 26,35 27,6 28,34 29,1 30,42 31,7 32,10 33,22 34,29 35,15 36,41 37,34 38,5 39,8 40,10 41,34 42,22 43,46 44,35 45,40 46,33 47,29 48,43 49,36 50,28 51,45 52,11 53,25 54,26 55,37 56,25 57,5 58,21 59,8 60,19 61,40 62,24 63,26 64,18 65,18 66,1 67,28 68,49 69,9 70,24 71,18 72,35 73,46 74,14 75,10 76,32 77,45 78,4 79,42 80,44 81,39 82,15 83,20 84,5 85,19 86,6 87,34 88,34 89,41 90,20 91,2 92,38 93,46 94,30 95,14 96,27 97,45 98,12 99,18
68: 0,21 1,23 2,38 3,40 4,25 5,14 6,34 7,46 8,9 9,16 10,27 11,9 12,3 13,43 14,4 15,23 16,26 17,42 18,20 19,9 20,34 21,43 22,10 23,3 24,45 25,7 26,39 27,46 28,20 29,23 30,43 31,15 32,5 33,7 34,37 35,7 36,31 37,13 38,1 39,49 40,11 41,41 42,7 43,46 44,23 45,31 46,16 47,39 48,12 49,23 50,28 51,21 52,24 53,18 54,15 55,24 56,2 57,34 58,29 59,43 60,5 61,15 62,31 63,20 64,31 65,19 66,21 67,23 68,0 69,28 70,19 71,40 72,15 73,28 74,12 75,35 76,43 77,34 78,23 79,7 80,2 81,27 82,7 83,8 84,33 85,20 86,37 87,27 88,2 89,43 90,1 91,12 92,49 93,3 94,12 95,28 96,0 97,3 98,49 99,33
69: 0,22 1,6 2,44 3,20 4,17 5,44 6,34 7,20 8,16 9,41 10,1 11,25 12,0 13,33 14,38 15,28 16,35 17,26 18,14 19,17 20,13 21,27 22,49 23,41 24,21 25,16 26,4 27,15 28,3 29,16 30,31 31,28 32,44 33,47 34,22 35,23 36,29 37,34 38,20 39,2 40,17 41,28 42,25 43,5 44,22 45,32 46,29 47,34 48,44 49,17 50,1 51,7 52,33 53,42 54,42 55,25 56,2 57,28 58,32 59,8 60,49 61,11 62,10 63,36 64,9 65,29 66,18 67,43 68,24 69,2 70,4 71,6 72,29 73,27 74,41 75,6 76,49 77,1 78,48 79,27 80,26 81,37 82,11 83,6 84,49 85,44 86,7 87,4 88,23 89,33 90,43 91,3 92,37 93,28 94,7 95,10 96,41 97,45 98,14 99,34
70: 0,12 1,33 2,5 3,11 4,7 5,17 6,29 7,13 8,1 9,0 10,13 11,27 12,24 13,24 14,12 15,35 16,37 17,30 18,13 19,11 20,36 21,21 22,34 23,13 24,49 25,9 26,33 27,40 28,30 29,40 30,32 31,24 32,38 33,1 34,32 35,27 36,16 37,40 38,48 39,42 40,44 41,23 42,27 43,18 44,25 45,24 46,23 47,12 48,33 49,26 50,18 51,9 52,44 53,16 54,37 55,18 56,3 57,1 58,47 59,39 60,40 61,49 62,35 63,27 64,39 65,4 66,32 67,5 68,49 69,20 70,0 71,0 72,17 73,40 74,2 75,35 76,38 77,33 78,26 79,1 80,37 81,38 82,21 83,47 84,10 85,17 86,42 87,38 88,12 89,7 90,6 91,35 92,42 93,16 94,35 95,8 96,12 97,3 98,33 99,12
71: 0,15 1,36 2,22 3,0 4,17 5,8 6,19 7,32 8,5 9,27 10,24 11,5 12,43 13,19 14,7 15,24 16,37 17,48 18,45 19,41 20,37 21,31 22,38 23,1 24,8 25,29 26,49 27,0 28,48 29,30 30,49 31,49 32,38 33,13 34,5 35,45 36,25 37,27 38,35 39,22 40,41 41,5 42,31 43,4 44,28 45,18 46,42 47,40 48,8 49,19 50,36 51,6 52,18 53,24 54,49 55,29 56,49 57,40 58,32 59,5 60,2 61,47 62,4 63,27 64,2 65,47 66,31 67,12 68,22 69,25 70,0 71,33 72,41 73,25 74,2 75,4 76,15 77,7 78,26 79,28 80,7 81,9 82,30 83,21 84,34 85,33 86,7 87,14 88,45 89,34 90,13 91,23 92,22 93,22 94,41 95,19 96,26 97,33 98,18 99,45
72: 0,23 1,17 2,20 3,14 4,8 5,27 6,47 7,44 8,0 9,45 10,1 11,24 12,32 13,11 14,41 15,22 16,28 17,18 18,38 19,45 20,44 21,22 22,17 23,11 24,41 25,17 26,48 27,0 28,9 29,24 30,28 31,48 32,31 33,20 34,13 35,47 36,12 37,13 38,27 39,6 40,42 41,6 42,17 43,4 44,15 45,13 46,21 47,22 48,33 49,15 50,27 51,40 52,25 53,17 54,42 55,13 56,40 57,41 58,49 59,3 60,25 61,12 62,36 63,43 64,20 65,39 66,29 67,28 68,1 69,11 70,48 71,34 72,9 73,38 74,43 75,5 76,21 77,18 78,34 79,30 80,17 81,6 82,14 83,0 84,40 85,30 86,4 87,2 88,0 89,26 90,4 91,9 92,25 93,22 94,9 95,18 96,33 97,47 98,27 99,48
73: 0,48 1,36 2,28 3,15 4,2 5,7 6,2 7,42 8,27 9,37 10,45 11,5 12,31 13,42 14,32 15,7 16,4 17,25 18,24 19,39 20,39 21,37 22,38 23,28 24,14 25,29 26,20 27,41 28,26 29,16 30,35 31,0 32,1 33,45 34,32 35,25 36,36 37,7 38,6 39,21 40,8 41,41 42,29 43,48 44,26 45,3 46,43 47,9 48,35 49,43 50,45 51,15 52,43 53,0 54,41 55,19 56,3 57,40 58,16 59,47 60,24 61,11 62,48 63,41 64,5 65,42 66,33 67,46 68,45 69,44 70,9 71,14 72,16 73,39 74,28 75,22 76,36 77,34 78,49 79,10 80,33 81,3 82,7 83,1 84,49 85,23 86,34 87,7 88,14 89,21 90,40 91,49 92,28 93,13 94,44 95,30 96,27 97,46 98,36 99,40
74: 0,8 1,13 2,19 3,47 4,39 5,33 6,19 7,47 8,5 9,49 10,15 11,29 12,20 13,35 14,12 15,42 16,2 17,25 18,14 19,14 20,49 21,49 22,6 23,1 24,30 25,33 26,40 27,42 28,9 29,4 30,37 31,45 32,24 33,13 34,37 35,43 36,43 37,4 38,43 39,1 40,20 41,20 42,7 43,24 44,34 45,33 46,36 47,24 48,10 49,19 50,16 51,49 52,7 53,30 54,6 55,25 56,49 57,20 58,32 59,22 60,35 61,34 62,9 63,6 64,47 65,6 66,2 67,28 68,7 69,19 70,49 71,0 72,0 73,11 74,14 75,23 76,46 77,24 78,6 79,2 80,9 81,42 82,45 83,24 84,16 85,46 86,38 87,33 88,13 89,30 90,17 91,30 92,38 93,23 94,5 95,36 96,40 97,14 98,10 99,7
75: 0,5 1,31 2,27 3,24 4,49 5,33 6,38 7,33 8,47 9,22 10,49 11,18 12,20 13,45 14,39 15,45 16,8 17,33 18,7 19,27 20,32 21,44 22,32 23,28 24,36 25,48 26,46 27,31 28,38 29,0 30,23 31,40 32,34 33,43 34,27 35,2 36,45 37,31 38,33 39,7 40,34 41,23 42,21 43,36 44,6 45,18 46,24 47,21 48,18 49,32 50,13 51,31 52,15 53,47 54,6 55,48 56,31 57,2 58,6 59,9 60,35 61,45 62,28 63,15 64,16 65,30 66,27 67,41 68,47 69,13 70,47 71,17 72,13 73,27 74,15 75,39 76,11 77,39 78,13 79,17 80,14 81,25 82,3 83,11 84,42 85,33 86,19 87,33 88,20 89,28 90,24 91,18 92,16 93,1 94,4 95,13 96,35 97,42 98,29 99,13
76: 0,19 1,21 2,47 3,45 4,24 5,0 6,4 7,44 8,28 9,32 10,28 11,0 12,40 13,26 14,49 15,35 16,40 17,48 18,45 19,35 20,12 21,4 22,10 23,3 24,33 25,34 26,27 27,44 28,0 29,10 30,31 31,1 32,33 33,5 34,41 35,1 36,2 37,34 38,30 39,9 40,21 41,1 42,6 43,35 44,37 45,19 46,46 47,41 48,21 49,34 50,17 51,36 52,45 53,10 54,6 55,17 56,9 57,7 58,20 59,30 60,15 61,17 62,28 63,12 64,45 65,41 66,18 67,35 68,25 69,48 70,35 71,35 72,34 73,48 74,20 75,10 76,31 77,27 78,22 79,39 80,12 81,24 82,18 83,31 84,26 85,3 86,20 87,0 88,4 89,19 90,20 91,9 92,1 93,13 94,29 95,24 96,22 97,2 98,5 99,32
77: 0,3 1,31 2,5 3,29 4,41 5,30 6,22 7,30 8,3 9,45 10,16 11,5 12,10 13,26 14,40 15,11 16,38 17,17 18,7 19,6 20,22 21,15 22,32 23,44 24,35 25,33 26,23 27,28 28,42 29,23 30,24 31,20 32,2 33,10 34,33 35,12 36,2 37,33 38,34 39,48 40,27 41,32 42,1 43,46 44,49 45,1 46,47 47,1 48,16 49,3 50,29 51,35 52,11 53,29 54,2 55,14 56,3 57,5 58,41 59,4 60,9 61,38 62,26 63,5 64,37 65,11 66,5 67,40 68,24 69,36 70,42 71,30 72,25 73,11 74,41 75,27 76,20 77,33 78,40 79,5 80,15 81,5 82,6 83,11 84,19 85,21 86,36 87,4 88,46 89,14 90,44 91,35 92,44 93,12 94,4 95,6 96,42 97,5 98,14 99,9
78: 0,7 1,0 2,3 3,0 4,30 5,36 6,0 7,45 8,25 9,15 10,26 11,40 12,35 13,39 14,32 15,15 16,37 17,31 18,46 19,35 20,12 21,43 22,19 23,13 24,31 25,12 26,41 27,8 28,45 29,19 30,35 31,27 32,44 33,4 34,45 35,2 36,10 37,4 38,13 39,48 40,1 41,28 42,2 43,45 44,24 45,41 46,42 47,42 48,45 49,46 50,47 51,48 52,32 53,39 54,9 55,0 56,33 57,33 58,1 59,2 60,13 61,1 62,40 63,23 64,6 65,2 66,47 67,44 68,16 69,37 70,6 71,32 72,12 73,30 74,3 75,47 76,31 77,41 78,6 79,14 80,44 81,15 82,40 83,34 84,4 85,7 86,47 87,43 88,10 89,39 90,22 91,1 92,39 93,43 94,14 95,18 96,45 97,5 98,49 99,21
79: 0,8 1,24 2,18 3,30 4,37 5,39 6,0 7,13 8,31 9,40 10,12 11,34 12,33 13,37 14,29 15,49 16,30 17,9 18,46 19,23 20,11 21,7 22,25 23,3 24,47 25,37 26,27 27,12 28,41 29,8 30,49 31,5 32,31 33,16 34,46 35,18 36,34 37,20 38,2 39,37 40,5 41,12 42,37 43,9 44,44 45,49 46,17 47,44 48,27 49,4 50,3 51,33 52,19 53,29 54,23 55,3 56,38 57,3 58,49 59,8 60,24 61,36 62,18 63,9 64,14 65,45 66,24 67,28 68,15 69,23 70,4 71,30 72,49 73,25 74,42 75,41 76,1 77,11 78,37 79,4 80,23 81,42 82,31 83,49 84,2 85,35 86,11 87,16 88,9 89,18 90,12 91,29 92,6 93,26 94,18 95,6 96,36 97,18 98,26 99,3
80: 0,10 1,31 2,15 3,13 4,22 5,37 6,35 7,34 8,49 9,30 10,35 11,22 12,16 13,22 14,45 15,32 16,17 17,21 18,22 19,17 20,26 21,13 22,0 23,44 24,7 25,41 26,25 27,21 28,14 29,16 30,16 31,14 32,22 33,6 34,34 35,33 36,8 37,43 38,12 39,19 40,11 41,14 42,42 43,33 44,7 45,11 46,15 47,4 48,18 49,47 50,26 51,12 52,1 53,36 54,30 55,29 56,30 57,46 58,9 59,45 60,43 61,41 62,12 63,39 64,21 65,18 66,1 67,16 68,9 69,20 70,16 71,17 72,5 73,42 74,34 75,41 76,28 77,41 78,3 79,14 80,17 81,42 82,1 83,22 84,34 85,0 86,39 87,0 88,48 89,31 90,7 91,45 92,21 93,49 94,45 95,9 96,6 97,2 98,48 99,42
81: 0,3 1,30 2,21 3,13 4,29 5,26 6,25 7,5 8,3 9,21 10,6 11,28 12,19 13,42 14,48 15,45 16,36 17,26 18,12 19,29 20,30 21,18 22,37 23,10 24,3 25,39 26,31 27,21 28,1 29,16 30,31 31,46 32,48 33,41 34,8 35,7 36,11 37,29 38,30 39,38 40,28 41,16 42,46 43,4 44,10 45,40 46,3 47,12 48,29 49,24 50,13 51,11 52,14 53,42 54,19 55,11 56,43 57,30 58,15 59,43 60,8 61,18 62,6 63,35 64,15 65,3 66,49 67,12 68,23 69,41 70,28 71,40 72,41 73,45 74,1 75,35 76,30 77,26 78,6 79,17 80,28 81,14 82,4 83,40 84,22 85,48 86,37 87,26 88,37 89,12 90,10 91,23 92,11 93,35 94,41 95,10 96,9 97,16 98,49 99,10
82: 0,14 1,30 2,7 3,49 4,31 5,27 6,23 7,31 8,16 9,5 10,45 11,42 12,12 13,33 14,15 15,33 16,5 17,2 18,29 19,39 20,1 21,40 22,32 23,39 24,4 25,15 26,35 27,21 28,44 29,3 30,20 31,37 32,15 33,17 34,38 35,42 36,8 37,37 38,42 39,17 40,2 41,22 42,41 43,12 44,14 45,1 46,12 47,26 48,13 49,7 50,33 51,14 52,39 53,20 54,36 55,35 56,29 57,7 58,23 59,2 60,18 61,35 62,13 63,20 64,27 65,0 66,4 67,22 68,39 69,49 70,33 71,42 72,45 73,29 74,8 75,40 76,22 77,4 78,44 79,23 80,9 81,14 82,15 83,12 84,8 85,8 86,21 87,40 88,33 89,18 90,5 91,28 92,1 93,36 94,26 95,18 96,12 97,35 98,7 99,26
83: 0,26 1,7 2,17 3,24 4,0 5,40 6,38 7,31 8,35 9,11 10,32 11,13 12,9 13,19 14,31 15,43 16,11 17,20 18,38 19,28 20,38 21,24 22,38 23,47 24,19 25,36 26,29 27,7 28,16 29,5 30,16 31,36 32,26 33,6 34,35 35,26 36,17 37,42 38,1 39,32 40,33 41,3 42,10 43,28 44,35 45,16 46,26 47,10 48,32 49,30 50,15 51,32 52,41 53,14 54,25 55,24 56,15 57,40 58,32 59,2 60,30 61,18 62,34 63,49 64,29 65,10 66,34 67,15 68,33 69,28 70,10 71,45 72,14 73,8 74,43 75,38 76,12 77,17 78,27 79,49 80,31 81,9 82,3 83,20 84,49 85,4 86,43 87,8 88,18 89,11 90,24 91,22 92,46 93,22 94,30 95,43 96,45 97,41 98,35 99,22
84: 0,4 1,30 2,37 3,34 4,2 5,0 6,14 7,47 8,8 9,33 10,1 11,47 12,45 13,43 14,21 15,27 16,19 17,3 18,43 19,26 20,29 21,36 22,7 23,20 24,17 25,0 26,2 27,27 28,12 29,25 30,36 31,34 32,38 33,48 34,17 35,34 36,19 37,7 38,30 39,1 40,48 41,25 42,13 43,41 44,12 45,44 46,23 47,14 48,33 49,21 50,35 51,41 52,5 53,47 54,11 55,5 56,44 57,35 58,29 59,25 60,46 61,17 62,24 63,5 64,15 65,30 66,36 67,15 68,28 69,9 70,47 71,38 72,2 73,13 74,43 75,30 76,14 77,21 78,5 79,25 80,26 81,41 82,46 83,27 84,44 85,37 86,1 87,11 88,34 89,34 90,27 91,23 92,20 93,37 94,33 95,2 96,38 97,38 98,14 99,26
85: 0,44 1,42 2,1 3,7 4,48 5,8 6,29 7,37 8,24 9,8 10,25 11,49 12,30 13,22 14,9 15,26 16,30 17,20 18,4 19,22 20,45 21,39 22,7 23,8 24,45 25,30 26,22 27,40 28,23 29,25 30,45 31,14 32,12 33,35 34,22 35,17 36,10 37,44 38,8 39,20 40,10 41,42 42,26 43,4 44,13 45,28 46,1 47,41 48,7 49,41 50,25 51,22 52,34 53,46 54,45 55,2 56,38 57,22 58,3 59,32 60,36 61,11 62,49 63,38 64,42 65,8 66,10 67,46 68,33 69,10 70,36 71,16 72,44 73,11 74,3 75,8 76,24 77,41 78,23 79,23 80,20 81,48 82,10 83,31 84,30 85,15 86,21 87,13 88,44 89,20 90,1 91,12 92,36 93,44 94,45 95,39 96,0 97,32 98,10 99,46
86: 0,21 1,38 2,46 3,26 4,12 5,35 6,9 7,14 8,3 9,34 10,44 11,15 12,34 13,27 14,20 15,37 16,7 17,12 18,13 19,8 20,18 21,4 22,5 23,16 24,22 25,33 26,17 27,15 28,8 29,26 30,0 31,34 32,8 33,5 34,41 35,40 36,15 37,25 38,6 39,35 40,21 41,2 42,36 43,2 44,11 45,22 46,32 47,8 48,5 49,13 50,41 51,32 52,28 53,35 54,34 55,12 56,23 57,14 58,19 59,18 60,3 61,24 62,22 63,19 64,39 65,24 66,4 67,8 68,10 69,28 70,19 71,27 72,38 73,46 74,0 75,5 76,43 77,49 78,45 79,11 80,46 81,16 82,22 83,6 84,42 85,31 86,14 87,0 88,9 89,25 90,32 91,25 92,18 93,45 94,11 95,8 96,14 97,43 98,6 99,29
87: 0,33 1,26 2,7 3,15 4,9 5,39 6,18 7,40 8,26 9,40 10,21 11,3 12,42 13,5 14,23 15,41 16,19 17,3 18,10 19,18 20,8 21,10 22,46 23,26 24,0 25,9 26,18 27,1 28,19 29,38 30,28 31,15 32,27 33,16 34,34 35,23 36,2 37,33 38,37 39,38 40,14 41,37 42,43 43,31 44,43 45,0 46,48 47,20 48,14 49,25 50,45 51,20 52,38 53,39 54,46 55,33 56,20 57,23 58,36 59,6 60,11 61,3 62,20 63,37 64,13 65,5 66,40 67,41 68,33 69,24 70,8 71,13 72,33 73,42 74,23 75,47 76,29 77,47 78,19 79,40 80,11 81,7 82,40 83,49 84,6 85,30 86,8 87,10 88,44 89,28 90,24 91,16 92,46 93,0 94,38 95,7 96,10 97,15 98,37 99,37
88: 0,45 1,40 2,3 3,40 4,4 5,40 6,42 7,8 8,21 9,32 10,47 11,28 12,41 13,32 14,30 15,14 16,43 17,5 18,39 19,20 20,1 21,22 22,11 23,44 24,34 25,32 26,7 27,2 28,20 29,3 30,5 31,18 32,25 33,46 34,30 35,18 36,10 37,16 38,39 39,39 40,49 41,46 42,6 43,25 44,25 45,43 46,48 47,19 48,4 49,14 50,11 51,48 52,3 53,36 54,24 55,20 56,6 57,36 58,41 59,35 60,26 61,12 62,27 63,40 64,33 65,21 66,43 67,42 68,33 69,9 70,30 71,29 72,16 73,12 74,47 75,25 76,34 77,39 78,20 79,29 80,0 81,32 82,11 83,27 84,31 85,1 86,36 87,45 88,38 89,3 90,0 91,9 92,34 93,17 94,43 95,14 96,8 97,1 98,49 99,40
89: 0,18 1,15 2,42 3,19 4,46 5,17 6,27 7,38 8,2 9,27 10,28 11,34 12,31 13,17 14,13 15,41 16,15 17,49 18,5 19,2 20,24 21,24 22,10 23,7 24,20 25,4 26,27 27,8 28,32 29,41 30,10 31,6 32,30 33,41 34,46 35,32 36,31 37,43 38,0 39,12 40,18 41,28 42,29 43,5 44,3 45,25 46,16 47,41 48,9 49,31 50,4 51,49 52,3 53,19 54,21 55,39 56,24 57,11 58,4 59,34 60,22 61,4 62,34 63,33 64,27 65,35 66,17 67,28 68,13 69,39 70,10 71,4 72,39 73,24 74,19 75,22 76,7 77,20 78,19 79,4 80,21 81,36 82,11 83,16 84,32 85,4 86,41 87,30 88,0 89,33 90,36 91,25 92,2 93,47 94,2 95,8 96,3 97,4 98,26 99,22
90: 0,8 1,17 2,0 3,44 4,47 5,19 6,34 7,15 8,23 9,12 10,35 11,0 12,14 13,3 14,46 15,5 16,43 17,19 18,39 19,29 20,29 21,9 22,47 23,27 24,22 25,7 26,3 27,7 28,49 29,17 30,36 31,35 32,4 33,23 34,2 35,33 36,44 37,29 38,42 39,29 40,20 41,47 42,15 43,36 44,3 45,0 46,41 47,42 48,12 49,24 50,10 51,36 52,39 53,1 54,1 55,49 56,5 57,22 58,24 59,42 60,13 61,46 62,14 63,12 64,43 65,0 66,28 67,27 68,18 69,44 70,31 71,7 72,31 73,35 74,4 75,18 76,42 77,37 78,21 79,14 80,23 81,46 82,26 83,36 84,36 85,7 86,22 87,0 88,11 89,15 90,7 91,11 92,40 93,45 94,31 95,25 96,32 97,2 98,24 99,25
91: 0,4 1,21 2,10 3,35 4,47 5,10 6,41 7,2 8,35 9,23 10,26 11,28 12,40 13,9 14,2 15,21 16,41 17,17 18,41 19,35 20,21 21,14 22,26 23,45 24,15 25,11 26,31 27,18 28,7 29,7 30,1 31,9 32,22 33,21 34,5 35,34 36,46 37,7 38,27 39,13 40,22 41,28 42,16 43,26 44,36 45,6 46,31 47,1 48,48 49,2 50,20 51,4 52,17 53,45 54,15 55,35 56,49 57,16 58,40 59,49 60,37 61,2 62,21 63,1 64,37 65,26 66,38 67,47 68,39 69,35 70,37 71,24 72,36 73,32 74,38 75,38 76,23 77,38 78,45 79,4 80,40 81,0 82,27 83,37 84,26 85,42 86,32 87,26 88,10 89,3 90,16 91,2 92,3 93,31 94,7 95,6 96,45 97,21 98,48 99,25
92: 0,49 1,31 2,17 3,14 4,41 5,4 6,17 7,18 8,48 9,8 10,9 11,45 12,16 13,12 14,5 15,49 16,36 17,35 18,49 19,2 20,48 21,9 22,19 23,8 24,41 25,16 26,24 27,44 28,38 29,34 30,3 31,0 32,49 33,4 34,5 35,9 36,2 37,47 38,17 39,45 40,20 41,8 42,9 43,11 44,19 45,2 46,2 47,40 48,40 49,36 50,28 51,18 52,28 53,38 54,34 55,45 56,23 57,31 58,37 59,45 60,27 61,24 62,49 63,27 64,1 65,27 66,28 67,19 68,10 69,26 70,34 71,2 72,44 73,35 74,31 75,36 76,17 77,39 78,33 79,12 80,13 81,27 82,18 83,22 84,36 85,22 86,0 87,6 88,44 89,29 90,26 91,30 92,34 93,32 94,11 95,49 96,6 97,18 98,4 99,31
93: 0,16 1,8 2,0 3,37 4,19 5,13 6,44 7,36 8,13 9,16 10,45 11,5 12,24 13,42 14,32 15,30 16,30 17,43 18,11 19,43 20,24 21,46 22,13 23,3 24,22 25,11 26,2 27,21 28,4 29,13 30,22 31,13 32,8 33,17 34,6 35,25 36,23 37,35 38,3 39,9 40,19 41,5 42,27 43,37 44,12 45,30 46,37 47,13 48,21 49,44 50,2 51,11 52,45 53,23 54,47 55,35 56,10 57,8 58,27 59,31 60,28 61,34 62,43 63,7 64,34 65,44 66,11 67,23 68,15 69,5 70,41 71,2 72,23 73,30 74,19 75,31 76,43 77,9 78,46 79,19 80,34 81,34 82,18 83,2 84,34 85,33 86,46 87,25 88,17 89,0 90,31 91,44 92,8 93,5 94,7 95,42 96,23 97,42 98,10 99,21
94: 0,18 1,14 2,45 3,5 4,45 5,41 6,21 7,3 8,1 9,20 10,16 11,1 12,12 13,40 14,28 15,19 16,16 17,10 18,26 19,31 20,5 21,18 22,12 23,27 24,25 25,39 26,32 27,34 28,34 29,24 30,28 31,14 32,23 33,43 34,0 35,41 36,31 37,18 38,32 39,19 40,47 41,21 42,1 43,42 44,3 45,40 46,31 47,40 48,30 49,7 50,48 51,44 52,33 53,5 54,42 55,7 56,34 57,8 58,22 59,11 60,45 61,14 62,20 63,5 64,49 65,16 66,0 67,5 68,0 69,4 70,5 71,42 72,2 73,40 74,5 75,6 76,43 77,31 78,23 79,13 80,38 81,23 82,39 83,28 84,27 85,21 86,16 87,17 88,31 89,16 90,25 91,30 92,47 93,44 94,30 95,44 96,45 97,24 98,47 99,36
95: 0,38 1,33 2,14 3,49 4,25 5,48 6,34 7,33 8,19 9,42 10,12 11,13 12,25 13,47 14,33 15,26 16,0 17,16 18,19 19,7 20,7 21,11 22,49 23,13 24,30 25,25 26,13 27,30 28,49 29,24 30,36 31,27 32,1 33,34 34,11 35,38 36,7 37,34 38,34 39,17 40,36 41,2 42,31 43,28 44,9 45,10 46,44 47,38 48,15 49,19 50,38 51,34 52,16 53,49 54,48 55,3 56,14 57,16 58,12 59,9 60,20 61,8 62,42 63,10 64,1 65,12 66,36 67,8 68,45 69,11 70,20 71,33 72,46 73,4 74,4 75,1 76,48 77,44 78,10 79,46 80,0 81,49 82,11 83,48 84,39 85,15 86,39 87,14 88,49 89,1 90,35 91,38 92,22 93,36 94,30 95,35 96,44 97,37 98,29 99,31
96: 0,48 1,40 2,22 3,22 4,31 5,48 6,6 7,36 8,7 9,1 10,30 11,30 12,3 13,41 14,49 15,31 16,26 17,16 18,4 19,0 20,29 21,26 22,26 23,23 24,20 25,29 26,27 27,25 28,7 29,37 30,32 31,44 32,37 33,37 34,21 35,10 36,0 37,31 38,38 39,5 40,16 41,23 42,37 43,48 44,30 45,5 46,11 47,1 48,26 49,8 50,4 51,8 52,6 53,37 54,3 55,19 56,9 57,15 58,34 59,1 60,21 61,37 62,24 63,49 64,27 65,15 66,46 67,23 68,39 69,28 70,1 71,39 72,3 73,37 74,41 75,43 76,13 77,31 78,43 79,38 80,42 81,12 82,18 83,35 84,31 85,24 86,45 87,40 88,15 89,48 90,41 91,21 92,43 93,13 94,11 95,30 96,13 97,36 98,44 99,14
97: 0,33 1,47 2,2 3,8 4,21 5,11 6,35 7,39 8,8 9,32 10,32 11,15 12,23 13,7 14,37 15,12 16,38 17,32 18,30 19,37 20,17 21,7 22,22 23,12 24,19 25,19 26,5 27,9 28,34 29,23 30,13 31,15 32,34 33,39 34,14 35,16 36,32 37,6 38,33 39,1 40,25 41,44 42,31 43,28 44,3 45,28 46,32 47,5 48,31 49,24 50,41 51,44 52,29 53,9 54,25 55,21 56,35 57,38 58,24 59,9 60,33 61,27 62,36 63,17 64,11 65,48 66,6 67,29 68,28 69,48 70,40 71,47 72,22 73,40 74,41 75,23 76,25 77,37 78,48 79,8 80,23 81,21 82,29 83,39 84,37 85,24 86,17 87,26 88,7 89,0 90,10 91,44 92,24 93,36 94,10 95,6 96,3 97,2 98,40 99,0
98: 0,43 1,15 2,4 3,7 4,40 5,41 6,12 7,37 8,5 9,48 10,49 11,44 12,32 13,29 14,29 15,39 16,36 17,41 18,37 19,16 20,40 21,10 22,16 23,31 24,15 25,8 26,20 27,40 28,25 29,2 30,26 31,14 32,27 33,23 34,45 35,12 36,9 37,40 38,23 39,19 40,22 41,46 42,11 43,35 44,3 45,20 46,18 47,24 48,40 49,12 50,0 51,0 52,10 53,22 54,5 55,19 56,17 57,6 58,21 59,44 60,21 61,46 62,38 63,42 64,42 65,40 66,24 67,39 68,34 69,46 70,39 71,23 72,17 73,1 74,5 75,8 76,39 77,7 78,20 79,25 80,24 81,19 82,36 83,6 84,41 85,4 86,0 87,30 88,25 89,9 90,37 91,0 92,35 93,22 94,18 95,23 96,48 97,2 98,11 99,49
99: 0,32 1,25 2,29 3,45 4,14 5,13 6,24 7,19 8,0 9,35 10,19 11,14 12,3 13,41 14,5 15,23 16,5 17,47 18,0 19,25 20,47 21,37 22,20 23,0 24,1 25,39 26,11 27,34 28,0 29,11 30,0 31,24 32,33 33,15 34,42 35,9 36,47 37,11 38,22 39,25 40,43 41,48 42,42 43,20 44,1 45,41 46,32 47,44 48,3 49,12 50,18 51,46 52,20 53,20 54,18 55,34 56,40 57,10 58,41 59,31 60,44 61,22 62,32 63,32 64,31 65,21 66,14 67,2 68,24 69,14 70,23 71,45 72,6 73,22 74,28 75,17 76,6 77,41 78,0 79,35 80,21 81,16 82,17 83,11 84,33 85,21 86,40 87,40 88,0 89,30 90,21 91,41 92,37 93,40 94,2 95,20 96,21 97,12 98,45 99,49
