0: 1,45 7,2 8,48 12,4 14,29 15,55 18,42 43,21 49,54 70,79 71,90 73,95 92,53 93,33 96,95 97,23
1: 22,63 26,42 27,25 35,73 47,59 54,67 55,70 60,61 63,21 76,57 92,48 96,65
2: 7,65 17,50 43,91 49,58 65,15 70,39 77,68 80,88
3: 90,16
4:
5:
6: 30,84 36,6 61,82 76,40 79,97 80,7 96,52
7: 27,79 60,91 69,47
8: 10,14 25,98 62,62
9: 6,49 8,28 15,52 36,88 52,47 68,30 84,99 87,79 88,16 94,13
10: 8,92 13,62 16,14 21,13 22,50 23,67 29,61 39,16 43,29 45,80 63,11 69,33 80,14
11:
12: 12,29 15,90 44,48 77,78 79,73
13: 82,17
14: 61,7 83,9 98,20
15: 53,33 55,41 59,29 80,55
16:
17: 3,63 5,80 45,7 47,29 79,94 85,81
18: 76,93
19: 4,67 35,32 60,60 98,21
20: 88,75
21: 31,87 74,7 76,94
22: 22,89 24,54 99,94
23:
24: 79,37
25: 16,46 23,21 28,90 32,23 45,92 59,0 74,15 85,59 94,14
26: 42,7 58,84
27: 18,78 19,63 43,86 60,5 62,88 77,40 85,38
28: 1,3 7,9 12,54 16,89 17,68 23,88 24,58 25,87 26,15 31,31 32,44 33,76 35,45 51,8 56,24 57,10 58,40 70,87 73,40 84,16 87,27 88,27 98,93
29:
30:
31:
32: 34,6 56,45
33: 72,66
34: 22,79
35: 32,2 55,87 89,94
36: 5,43 22,86 38,58 67,26 86,40 94,85 98,55 99,82
37: 4,60 18,20 44,99 66,86 97,53
38:
39:
40:
41:
42: 88,56
43: 6,41 12,36
44: 30,82 86,83 96,20
45: 9,99 40,31 50,58 52,59 95,99
46:
47: 38,11 66,93 88,25
48: 27,55 56,3 90,10
49: 57,44 67,95
50: 88,45 94,56
51: 0,80 17,63 35,44 43,36 53,38
52: 63,89
53: 22,39 26,28 56,45 59,41
54: 9,47
55: 48,25 60,77 91,62
56: 4,60 34,42 35,27 37,19 39,8 41,85 66,41 72,64 77,41 86,2 93,53
57: 26,86 29,49 36,44 50,2
58: 11,83 39,21 51,90 57,71 59,75 80,31
59:
60: 3,31 4,31 6,82 17,92 27,38 50,29 51,27 59,63 66,10 76,2 81,84 85,13
61: 7,28 34,18 50,97 65,4 89,50
62: 12,28 18,87 20,98 21,68 44,8 47,62 58,51 64,27 65,82 67,87 68,56 74,25 78,77 81,26 82,32 85,98 88,7 94,38 97,62
63: 32,63
64:
65: 5,11 15,25 18,77 41,93 44,94 69,76 96,14 98,33
66:
67: 16,39
68: 6,63 7,98 24,31 40,30 52,72 64,80
69: 43,78 91,92
70: 0,50 10,96 46,9 93,8
71: 14,86
72:
73: 17,95 25,50 30,72 80,89
74: 47,49
75:
76: 6,49 52,66 65,4
77: 7,68 12,3 14,84 18,72 19,82 27,61 28,77 30,73 36,38 46,4 54,79 57,79 59,74 60,51 66,15 71,74 72,24 73,5 82,39 92,16
78: 53,5 89,49
79: 79,86 89,51
80:
81:
82: 29,70 44,90 46,14 64,35 95,18
83:
84: 0,40 96,60 99,15
85: 9,38 12,73 23,18 24,22 31,37 34,42 36,56 37,35 50,19 51,45 56,16 62,89 87,3 88,96 89,71 90,50 94,78 98,81
86: 1,28 14,4 25,63 27,34 61,28 77,50 89,75
87: 10,69 13,49 14,29 17,48 32,6 43,79 47,44 79,95
88: 55,61
89:
90: 0,58 1,63 36,85 40,1 64,32 67,95 70,79 77,92
91: 5,2 6,60 36,32 45,13 53,79 76,58 82,98 85,48 89,47
92: 31,26 46,26
93: 0,95 10,74 25,52 57,20 60,41 88,73 98,82
94: 2,10 11,31 13,96 86,32 91,84
95: 4,79
96: 21,51 69,63
97: 12,24 13,14 14,38 33,88 34,89 35,79 40,70 89,27 92,36
98: 7,52 42,86 53,59
99:
